0.001378 0.063878 0.000034 0.000034 0.000034 0.000034 0.000034 0.000706 0.000034 0.000034 0.000034 0.000034 0.000034 0.000034 0.908636 0.000706 0.000034 0.000034 0.013474 0.000034 0.000034
0.001378 0.255410 0.000034 0.000034 0.077319 0.000034 0.312534 0.000034 0.000034 0.000034 0.000034 0.000034 0.000034 0.000034 0.000034 0.000034 0.002050 0.335383 0.000034 0.000034 0.000034
0.001378 0.000034 0.000034 0.050437 0.448958 0.000034 0.003394 0.000034 0.000034 0.291028 0.000034 0.000034 0.141835 0.000034 0.000034 0.050437 0.002050 0.000034 0.000034 0.000034 0.000034
0.001378 0.338743 0.000034 0.000034 0.000706 0.000034 0.000034 0.000034 0.000034 0.198958 0.000034 0.000034 0.000706 0.000034 0.000034 0.357560 0.075974 0.008098 0.005410 0.000034 0.000034
0.001378 0.000034 0.000034 0.000034 0.221136 0.000034 0.004066 0.000034 0.045733 0.000034 0.000034 0.157292 0.006754 0.000034 0.055813 0.077991 0.391835 0.021539 0.004066 0.000034 0.000034
0.001378 0.000034 0.000034 0.135114 0.176781 0.000034 0.047749 0.000034 0.190894 0.000706 0.001378 0.000706 0.000034 0.219120 0.205007 0.000034 0.001378 0.001378 0.006082 0.000034 0.000706
0.001378 0.000034 0.000034 0.147211 0.770195 0.000034 0.000706 0.000034 0.000034 0.000034 0.000034 0.000034 0.065894 0.000034 0.000706 0.000034 0.002050 0.000034 0.000034 0.000034 0.000034
0.001378 0.019523 0.000034 0.194926 0.000706 0.000706 0.000034 0.000034 0.141163 0.000034 0.001378 0.000034 0.003394 0.529603 0.000034 0.000034 0.002050 0.002050 0.091431 0.000034 0.000034
0.001378 0.001378 0.000034 0.048421 0.000034 0.000034 0.000034 0.000034 0.002050 0.000034 0.214415 0.000034 0.198958 0.289012 0.034980 0.000034 0.000034 0.141835 0.055813 0.000034 0.000034
0.001378 0.217776 0.000034 0.034980 0.119657 0.000034 0.000034 0.000034 0.000034 0.000034 0.001378 0.000034 0.000034 0.545733 0.000034 0.000034 0.009442 0.002050 0.004738 0.000034 0.048421
0.001378 0.097480 0.055813 0.008098 0.589415 0.000034 0.153931 0.000034 0.002050 0.000034 0.000034 0.000034 0.000034 0.000034 0.000034 0.000034 0.000034 0.000034 0.079335 0.000034 0.000034
0.001378 0.000034 0.000034 0.000034 0.000034 0.213071 0.000034 0.000034 0.426781 0.000034 0.144523 0.000034 0.000034 0.000034 0.010114 0.000034 0.004066 0.008098 0.082023 0.000034 0.098824
0.001378 0.000706 0.000034 0.051781 0.759442 0.000034 0.077991 0.000034 0.000034 0.000034 0.000034 0.000034 0.045060 0.000034 0.000034 0.000034 0.000034 0.053125 0.000034 0.000034 0.000034
0.001378 0.023555 0.000034 0.397883 0.210383 0.000034 0.004738 0.000034 0.000706 0.000034 0.000034 0.001378 0.003394 0.273555 0.000034 0.000034 0.002722 0.069926 0.001378 0.000034 0.000034
0.001378 0.000706 0.000034 0.274899 0.520867 0.000034 0.073958 0.000706 0.000034 0.002050 0.000034 0.000034 0.036324 0.000034 0.000034 0.002722 0.075302 0.002050 0.000034 0.000034 0.000034
0.001378 0.000706 0.000034 0.000034 0.000034 0.000706 0.000034 0.000034 0.245329 0.000034 0.000034 0.458367 0.000034 0.000034 0.000034 0.000706 0.000034 0.000706 0.206351 0.077319 0.000034
0.001378 0.000706 0.000034 0.000034 0.000034 0.596136 0.000034 0.000034 0.000034 0.000034 0.314550 0.006754 0.000034 0.000034 0.000034 0.000034 0.000034 0.069926 0.000706 0.000034 0.000034
0.001378 0.050437 0.000034 0.000034 0.000034 0.000034 0.000706 0.000034 0.000034 0.281620 0.000034 0.000034 0.000034 0.000034 0.000034 0.631754 0.026915 0.000034 0.000034 0.000034 0.000034
0.001378 0.000034 0.000034 0.000034 0.000034 0.000034 0.000034 0.000034 0.000034 0.996001 0.000034 0.000034 0.000034 0.000034 0.000034 0.000706 0.000034 0.000034 0.000034 0.000034 0.000034
0.001378 0.000034 0.000034 0.000034 0.000034 0.000034 0.077319 0.000034 0.000034 0.410652 0.000034 0.000034 0.000034 0.000034 0.000034 0.508770 0.000034 0.000034 0.000034 0.000034 0.000034
0.002050 0.000034 0.000034 0.000034 0.000034 0.000034 0.000034 0.000034 0.000034 0.024227 0.000034 0.000034 0.348824 0.000034 0.377722 0.242641 0.004066 0.000034 0.000034 0.000034 0.000034
0.001378 0.000034 0.000034 0.000034 0.000034 0.000034 0.000034 0.000034 0.231888 0.000034 0.711727 0.052453 0.000034 0.000034 0.000034 0.000034 0.000034 0.000706 0.001378 0.000034 0.000034
0.000034 0.000706 0.000034 0.000034 0.000034 0.000034 0.000034 0.000034 0.001378 0.000034 0.000034 0.000034 0.000034 0.000034 0.000034 0.000034 0.003394 0.993985 0.000034 0.000034 0.000034
0.000034 0.000706 0.000034 0.000034 0.000034 0.000034 0.000034 0.000034 0.592776 0.000034 0.000706 0.000706 0.000034 0.000034 0.000034 0.000034 0.000034 0.001378 0.403259 0.000034 0.000034
0.000034 0.000034 0.000034 0.000034 0.000034 0.000034 0.000034 0.000034 0.000034 0.000034 0.400571 0.598824 0.000034 0.000034 0.000034 0.000034 0.000034 0.000034 0.000034 0.000034 0.000034
0.000034 0.000034 0.000034 0.982560 0.016163 0.000034 0.000034 0.000034 0.000034 0.000034 0.000034 0.000034 0.000034 0.000034 0.000034 0.000034 0.000034 0.000034 0.000706 0.000034 0.000034
0.000034 0.000034 0.000034 0.000034 0.000034 0.002050 0.000034 0.000034 0.000034 0.000034 0.920060 0.077319 0.000034 0.000034 0.000034 0.000034 0.000034 0.000034 0.000034 0.000034 0.000034
0.000034 0.000034 0.000034 0.000034 0.000034 0.000034 0.000034 0.998017 0.000034 0.000034 0.000034 0.000034 0.000034 0.000706 0.000706 0.000034 0.000034 0.000034 0.000034 0.000034 0.000706
0.000034 0.000706 0.000034 0.000034 0.000034 0.000034 0.000034 0.000034 0.000034 0.000034 0.000034 0.000034 0.000034 0.999362 0.000034 0.000034 0.000034 0.000034 0.000034 0.000034 0.000034
0.000034 0.000034 0.000034 0.000034 0.000034 0.000034 1.000034 0.000034 0.000034 0.000034 0.000034 0.000034 0.000034 0.000034 0.000034 0.000034 0.000034 0.000034 0.000034 0.000034 0.000034
0.000034 0.514147 0.000034 0.000034 0.000034 0.000034 0.000034 0.000034 0.000034 0.000034 0.000034 0.000034 0.000034 0.000034 0.000034 0.000034 0.485921 0.000034 0.000034 0.000034 0.000034
0.000034 0.000034 0.000034 0.000034 0.000034 0.000034 1.000034 0.000034 0.000034 0.000034 0.000034 0.000034 0.000034 0.000034 0.000034 0.000034 0.000034 0.000034 0.000034 0.000034 0.000034
0.000034 0.000034 0.000034 0.000034 0.000034 0.000034 0.000034 0.000034 0.000034 1.000034 0.000034 0.000034 0.000034 0.000034 0.000034 0.000034 0.000034 0.000034 0.000034 0.000034 0.000034
0.000034 0.000034 0.000034 0.000034 0.000034 0.000034 0.000034 0.000034 0.000034 0.000706 0.000034 0.000034 0.000034 0.000706 0.000034 0.000034 0.000034 0.998690 0.000034 0.000034 0.000034
0.000034 0.000034 0.000034 0.000034 0.000034 0.000034 0.000034 0.077319 0.000034 0.250034 0.000034 0.000034 0.000034 0.000034 0.000034 0.672749 0.000034 0.000034 0.000034 0.000034 0.000034
0.000034 0.000034 0.000034 0.000034 0.000034 0.000034 0.000034 0.000034 0.000034 0.245329 0.000034 0.000034 0.000034 0.000034 0.000034 0.754738 0.000034 0.000034 0.000034 0.000034 0.000034
0.000034 0.000034 0.000034 0.000706 0.000034 0.000034 0.000034 0.000034 0.288340 0.000034 0.000034 0.000034 0.000034 0.000034 0.000034 0.000034 0.000706 0.000706 0.160652 0.000034 0.549093
0.000034 0.000034 0.000034 0.000034 0.000034 0.000034 0.000034 0.000034 0.000034 0.000034 1.000034 0.000034 0.000034 0.000034 0.000034 0.000034 0.000034 0.000034 0.000034 0.000034 0.000034
0.000034 0.000034 0.000034 0.000034 0.000034 0.000034 0.000034 0.000034 0.000034 0.000034 0.000034 0.000034 0.000034 1.000034 0.000034 0.000034 0.000034 0.000034 0.000034 0.000034 0.000034
0.000034 0.547077 0.000034 0.000034 0.144523 0.000034 0.000034 0.000034 0.000034 0.000034 0.000034 0.000034 0.000034 0.000034 0.256754 0.000034 0.049093 0.002050 0.000706 0.000034 0.000034
0.000034 0.000034 0.000034 0.000034 0.000034 0.000034 0.000034 0.000034 0.919388 0.000034 0.077991 0.001378 0.000034 0.000034 0.000034 0.000034 0.000034 0.000706 0.000706 0.000034 0.000034
0.000034 0.000034 0.000034 0.000034 0.000034 0.000034 0.000034 0.000034 0.334711 0.000034 0.001378 0.000034 0.000034 0.000034 0.000034 0.000034 0.000034 0.000706 0.663340 0.000034 0.000034
0.000034 0.000034 0.000034 0.000034 0.000034 0.000034 0.000034 0.000706 0.000034 0.248690 0.000034 0.000034 0.000034 0.000034 0.000034 0.750034 0.000034 0.000034 0.000034 0.000034 0.000034
0.000034 0.000706 0.000034 0.098824 0.825974 0.000034 0.001378 0.000034 0.000034 0.000034 0.000034 0.000034 0.000034 0.000034 0.073286 0.000034 0.000034 0.000034 0.000034 0.000034 0.000034
0.000034 0.904603 0.092776 0.000034 0.000034 0.000034 0.000034 0.000034 0.000034 0.000034 0.000034 0.000034 0.000034 0.000706 0.000034 0.000034 0.002050 0.000034 0.000034 0.000034 0.000034
0.000034 0.006082 0.000034 0.000034 0.000034 0.000034 0.000034 0.000034 0.933501 0.000034 0.048421 0.004738 0.000034 0.000034 0.000034 0.000034 0.000034 0.005410 0.002050 0.000034 0.000034
0.000034 0.000706 0.000034 0.070598 0.001378 0.000034 0.000034 0.000034 0.000034 0.653931 0.000034 0.000034 0.164012 0.000034 0.098152 0.009442 0.000706 0.001378 0.000034 0.000034 0.000034
0.000034 0.002722 0.000034 0.000034 0.000034 0.000034 0.000034 0.000034 0.000034 0.053125 0.000034 0.000034 0.000034 0.000034 0.055813 0.833367 0.000034 0.055141 0.000034 0.000034 0.000034
0.000034 0.000034 0.000034 0.000034 0.000034 0.000034 0.205679 0.000706 0.000034 0.197614 0.000034 0.000034 0.001378 0.000034 0.000034 0.593448 0.000034 0.000034 0.000034 0.000034 0.000034
0.000034 0.000034 0.000034 0.000034 0.000034 0.000034 0.000034 0.000034 0.000034 0.000034 0.983905 0.014819 0.000034 0.000034 0.000034 0.000034 0.000034 0.000034 0.001378 0.000034 0.000034
0.000034 0.000034 0.000034 0.000034 0.000034 0.000034 0.000034 0.000034 0.000034 0.001378 0.000034 0.000034 0.000034 0.000034 0.000034 0.998017 0.000706 0.000034 0.000034 0.000034 0.000034
0.000034 0.000034 0.000034 0.000034 0.000034 0.000034 0.000034 0.000034 0.000034 0.000034 0.000034 0.000034 0.000034 0.000706 0.000034 0.000034 0.000034 0.999362 0.000034 0.000034 0.000034
0.000034 0.255410 0.000034 0.000034 0.000034 0.000034 0.000034 0.000034 0.000034 0.000034 0.672077 0.000034 0.000034 0.000034 0.000034 0.000034 0.000034 0.000034 0.071942 0.000034 0.000034
0.000034 0.000034 0.000034 0.000034 0.000034 0.000034 0.000034 0.000034 0.651243 0.000034 0.000034 0.000034 0.000034 0.000034 0.000034 0.000034 0.000034 0.000034 0.348824 0.000034 0.000034
0.000034 0.000034 0.000034 0.000034 0.000034 0.000034 0.000034 0.000034 0.000034 0.000034 1.000034 0.000034 0.000034 0.000034 0.000034 0.000034 0.000034 0.000034 0.000034 0.000034 0.000034
0.000034 0.999362 0.000034 0.000706 0.000034 0.000034 0.000034 0.000034 0.000034 0.000034 0.000034 0.000034 0.000034 0.000034 0.000034 0.000034 0.000034 0.000034 0.000034 0.000034 0.000034
0.000034 0.000034 0.000034 0.000034 0.000034 0.000034 0.000034 0.000034 0.000034 0.000034 0.000034 0.000034 0.000034 1.000034 0.000034 0.000034 0.000034 0.000034 0.000034 0.000034 0.000034
0.000034 0.000034 0.000034 0.000034 0.000034 0.000034 0.000034 0.000034 0.000034 0.000034 0.000034 0.000034 0.000034 0.000706 0.000034 0.000034 0.000034 0.999362 0.000034 0.000034 0.000034
0.000034 0.000034 0.000034 0.000034 0.000034 0.000034 0.000034 0.000034 0.000034 0.000706 0.000034 0.000034 0.000034 0.000706 0.000034 0.998690 0.000034 0.000034 0.000034 0.000034 0.000034
0.000034 0.000706 0.000034 0.000034 0.000034 0.000034 0.000034 0.000034 0.000034 0.000034 0.000034 0.000034 0.000034 0.000034 0.000034 0.000034 0.000034 0.000034 0.998690 0.000034 0.000034
0.000034 0.000034 0.000034 0.000034 0.000706 0.000034 0.000706 0.000034 0.000034 0.000034 0.000034 0.000034 0.000034 0.000034 0.000034 0.000034 0.000034 0.000034 0.998017 0.000034 0.000034
0.000034 0.920733 0.000034 0.000034 0.000034 0.000034 0.000034 0.000034 0.000034 0.000034 0.077319 0.000034 0.000034 0.000706 0.000034 0.000706 0.000034 0.000706 0.000034 0.000034 0.000034
0.000034 0.697614 0.016163 0.000034 0.000034 0.000034 0.000034 0.000034 0.000034 0.075974 0.000034 0.000034 0.000034 0.000034 0.000034 0.001378 0.208367 0.000034 0.000706 0.000034 0.000034
0.000034 0.000034 0.000034 0.000034 0.998690 0.000034 0.000034 0.000034 0.000034 0.000706 0.000034 0.000034 0.000034 0.000034 0.000034 0.000034 0.000034 0.000034 0.000034 0.000034 0.000706
0.000034 0.000034 0.000034 0.000034 0.000034 0.000034 0.000034 0.000034 0.016163 0.000034 0.000034 0.982560 0.000034 0.000034 0.000034 0.000034 0.000706 0.000706 0.000034 0.000034 0.000034
0.000034 0.449630 0.000034 0.000034 0.536996 0.000706 0.000034 0.000034 0.000034 0.000034 0.000034 0.000034 0.000034 0.000034 0.000034 0.000706 0.012130 0.000034 0.000034 0.000034 0.000034
0.000034 0.000034 0.000034 0.001378 0.916700 0.000034 0.000034 0.000034 0.000034 0.007426 0.000034 0.000034 0.000034 0.000034 0.000034 0.070598 0.000034 0.000034 0.000034 0.000706 0.000034
0.000034 0.994657 0.000034 0.000706 0.000034 0.000034 0.000034 0.000034 0.000034 0.000034 0.000034 0.000034 0.000034 0.000706 0.000034 0.000034 0.000706 0.000034 0.003394 0.000034 0.000034
0.000034 0.000034 0.000034 0.000034 0.000034 0.000034 0.000034 0.000034 0.000034 0.000034 0.999362 0.000706 0.000034 0.000034 0.000034 0.000034 0.000034 0.000034 0.000034 0.000034 0.000034
0.000034 0.006082 0.000034 0.000034 0.000034 0.000034 0.000706 0.000034 0.000706 0.392507 0.000034 0.000034 0.059845 0.000034 0.004066 0.528259 0.006754 0.000706 0.000034 0.000706 0.000034
0.000034 0.000034 0.000034 0.000034 0.000706 0.000034 0.998690 0.000034 0.000034 0.000034 0.000034 0.000034 0.000034 0.000706 0.000034 0.000034 0.000034 0.000034 0.000034 0.000034 0.000034
0.000034 0.000034 0.000034 0.000034 0.000034 0.000706 0.000034 0.000034 0.004738 0.077319 0.714415 0.199630 0.000034 0.000034 0.000034 0.000034 0.000706 0.000034 0.002722 0.000034 0.000034
0.000034 0.000706 0.000034 0.000034 0.000034 0.000034 0.000034 0.000034 0.000034 0.006082 0.000034 0.000034 0.001378 0.918716 0.000034 0.069926 0.000706 0.000034 0.000706 0.000034 0.000034
0.000034 0.000706 0.000034 0.000034 0.000034 0.000034 0.000034 0.000034 0.770867 0.000034 0.000034 0.000034 0.000034 0.000034 0.000034 0.000034 0.000034 0.000034 0.228528 0.000034 0.000034
0.000034 0.000034 0.000034 0.000034 0.000034 0.000034 0.000034 0.000034 0.000034 0.006082 0.000034 0.000706 0.000034 0.000034 0.000034 0.993313 0.000034 0.000034 0.000034 0.000034 0.000034
0.000034 0.000034 0.000034 0.000034 0.000034 0.076647 0.000034 0.000706 0.000034 0.000034 0.000034 0.000034 0.000706 0.000034 0.000034 0.000034 0.000034 0.000706 0.000034 0.000034 0.921405
0.000034 0.000034 0.000034 0.000034 0.000034 0.000034 0.000034 0.078663 0.000034 0.000034 0.043716 0.066566 0.000034 0.000034 0.809845 0.000034 0.000034 0.000034 0.000034 0.000034 0.000034
0.000034 0.000034 0.000034 0.000034 0.000706 0.000034 0.000034 0.000034 0.000034 0.000034 0.000034 0.000034 0.000034 0.000034 0.000034 0.000034 0.077319 0.920733 0.000034 0.000034 0.000034
0.000034 0.004066 0.000034 0.000034 0.000034 0.000034 0.000034 0.000034 0.000034 0.000034 0.000034 0.000034 0.000034 0.359577 0.000034 0.000034 0.215759 0.420733 0.000034 0.000034 0.000034
0.000034 0.996673 0.000034 0.000706 0.000034 0.000034 0.000034 0.000034 0.000034 0.000034 0.000034 0.000034 0.000034 0.000034 0.000034 0.000034 0.000034 0.000034 0.002050 0.000034 0.000034
0.000034 0.001378 0.000034 0.000034 0.000034 0.000034 0.000034 0.000034 0.203663 0.000034 0.000034 0.000034 0.000034 0.000034 0.000034 0.000034 0.000706 0.141163 0.652587 0.000034 0.000034
0.000034 0.009442 0.000034 0.004066 0.006754 0.000034 0.035652 0.012130 0.000034 0.445598 0.001378 0.000034 0.088743 0.122345 0.060517 0.166028 0.031620 0.012130 0.000034 0.000034 0.000034
0.000034 0.178797 0.000034 0.063878 0.003394 0.000034 0.008098 0.000034 0.000034 0.000034 0.000034 0.000034 0.018851 0.000706 0.000034 0.240625 0.393851 0.023555 0.067238 0.000034 0.000034
0.000034 0.002722 0.000034 0.001378 0.847480 0.000034 0.000034 0.002050 0.000034 0.000034 0.000034 0.000034 0.000034 0.000034 0.071942 0.000034 0.004738 0.066566 0.002722 0.000034 0.000034
0.000034 0.000034 0.000034 0.000034 0.000034 0.000034 0.000034 0.920733 0.000034 0.000034 0.000034 0.000034 0.000034 0.000034 0.065894 0.000034 0.010114 0.000706 0.000034 0.000034 0.002050
0.000034 0.016163 0.000706 0.000034 0.000034 0.000034 0.000706 0.000034 0.000034 0.000034 0.000034 0.002050 0.137130 0.000034 0.071942 0.000034 0.113609 0.607560 0.047749 0.000034 0.000034
0.000034 0.006082 0.000034 0.000034 0.000034 0.000034 0.987265 0.000034 0.000034 0.000034 0.001378 0.000034 0.001378 0.000034 0.000034 0.000034 0.002722 0.000034 0.000034 0.000034 0.000034
0.000034 0.000034 0.000034 0.000034 0.000034 0.000034 0.076647 0.000034 0.000034 0.159308 0.000034 0.000034 0.232560 0.000034 0.000034 0.438878 0.001378 0.088071 0.000034 0.000034 0.000706
0.000034 0.070598 0.000034 0.000706 0.919388 0.000034 0.000034 0.000034 0.000034 0.000034 0.000034 0.000034 0.000034 0.000034 0.000034 0.000034 0.007426 0.000034 0.000034 0.000034 0.000034
0.000034 0.000034 0.000034 0.000034 0.000034 0.000034 0.000034 0.000034 0.992641 0.000034 0.000034 0.000034 0.000034 0.000034 0.000034 0.000034 0.000034 0.000034 0.006082 0.000034 0.000034
0.000034 0.001378 0.000034 0.000034 0.000034 0.000034 0.000034 0.000034 0.004738 0.000034 0.000034 0.000034 0.000034 0.000034 0.000034 0.000034 0.000034 0.000034 0.991969 0.000034 0.000034
0.000034 0.000706 0.000034 0.996001 0.000706 0.000034 0.000034 0.000034 0.000034 0.000034 0.000034 0.000034 0.000706 0.000034 0.000034 0.000034 0.000034 0.000034 0.000706 0.000034 0.000034
0.000034 0.000034 0.000706 0.000034 0.000034 0.000034 0.000034 0.000034 0.000706 0.000034 0.664012 0.000034 0.000034 0.000034 0.000034 0.000034 0.000034 0.000034 0.332695 0.000034 0.000034
0.000034 0.000034 0.000034 0.000034 0.000034 0.000034 0.000034 0.000034 0.000706 0.000034 0.000034 0.998017 0.000034 0.000034 0.000034 0.000034 0.000034 0.000034 0.000034 0.000034 0.000034
0.000034 0.000034 0.997345 0.000034 0.000034 0.000034 0.000706 0.000034 0.000034 0.000034 0.000034 0.000034 0.000034 0.000034 0.000034 0.000706 0.000034 0.000034 0.000034 0.000034 0.000034
0.000034 0.000034 0.000034 0.000034 0.000034 0.000034 0.000034 0.997345 0.000034 0.000034 0.000034 0.000034 0.000034 0.000034 0.000034 0.000706 0.000034 0.000034 0.000034 0.000034 0.000034
0.000034 0.996673 0.000034 0.000034 0.000034 0.000034 0.000034 0.000034 0.000034 0.000034 0.000034 0.000034 0.000034 0.001378 0.000034 0.000034 0.000034 0.001378 0.000034 0.000034 0.000034
0.000706 0.000034 0.000034 0.000034 0.000034 0.000034 0.000034 0.000034 0.000034 0.000034 0.000034 0.000034 0.000706 0.001378 0.000034 0.000034 0.000034 0.996673 0.000034 0.000034 0.000034
0.000034 0.000034 0.000034 0.000034 0.000034 0.664012 0.000034 0.000034 0.000034 0.000034 0.257426 0.000034 0.000034 0.000034 0.000034 0.000034 0.000706 0.000034 0.000034 0.000034 0.077319
0.000034 0.000034 0.000034 0.000034 0.000034 0.000034 0.000034 0.000034 0.000706 0.000034 0.000034 0.000034 0.000034 0.000034 0.000034 0.000034 0.000034 0.921405 0.077319 0.000034 0.000034
0.000034 0.002050 0.000034 0.000034 0.000034 0.000034 0.000034 0.246673 0.002050 0.000034 0.000034 0.547749 0.070598 0.000034 0.016163 0.000034 0.067238 0.047077 0.000034 0.000034 0.000034
0.000034 0.000034 0.000034 0.000034 0.000034 0.000034 0.001378 0.000034 0.000034 0.016835 0.000034 0.000034 0.000706 0.000034 0.000034 0.979872 0.000034 0.000034 0.000034 0.000034 0.000034
0.000034 0.000034 0.000034 0.000034 0.000034 0.000034 0.000034 0.000034 0.000034 0.000034 0.920733 0.000034 0.000034 0.001378 0.000034 0.077319 0.000034 0.000034 0.000034 0.000034 0.000034
0.000034 0.000034 0.000034 0.000034 0.000034 0.000034 0.000034 0.000034 0.000034 0.000034 0.759442 0.239281 0.000034 0.000034 0.000034 0.000034 0.000034 0.000706 0.000034 0.000034 0.000034
0.000034 0.000706 0.000034 0.000034 0.000034 0.000034 0.000034 0.000034 0.000034 0.000034 0.077991 0.000034 0.000034 0.000034 0.066566 0.000034 0.838071 0.016163 0.000034 0.000034 0.000034
0.000034 0.000034 0.000034 0.000034 0.000034 0.000034 0.000034 0.000034 0.000034 0.000034 0.001378 0.000034 0.000034 0.947614 0.000034 0.000034 0.050437 0.000034 0.000034 0.000034 0.000034
0.000034 0.000706 0.000034 0.000034 0.000034 0.000034 0.001378 0.157964 0.116969 0.000034 0.025571 0.000034 0.055813 0.000034 0.077319 0.000034 0.000034 0.065894 0.498017 0.000034 0.000034
0.000034 0.000034 0.000034 0.000034 0.000034 0.000034 0.077319 0.000034 0.000034 0.000706 0.000034 0.000034 0.000034 0.000034 0.000034 0.921405 0.000034 0.000034 0.000034 0.000034 0.000034
0.000034 0.000706 0.000034 0.000034 0.000034 0.000034 0.000706 0.000034 0.000706 0.001378 0.000034 0.000034 0.000034 0.000034 0.000034 0.075974 0.000034 0.000034 0.920060 0.000034 0.000034
0.000034 0.000034 0.000034 0.000034 0.000034 0.000034 0.000034 0.000034 0.000034 0.000034 0.000034 0.000034 0.000034 0.920060 0.077991 0.000034 0.001378 0.000034 0.000034 0.000034 0.000034
0.000034 0.000034 0.000034 0.000034 0.000034 0.000034 0.000034 0.002050 0.000034 0.000034 0.000034 0.000034 0.996001 0.000034 0.000034 0.000034 0.000706 0.000706 0.000034 0.000034 0.000034
0.000034 0.000034 0.000034 0.000706 0.000034 0.000034 0.000034 0.000034 0.000034 0.000034 0.000034 0.000034 0.000034 0.000034 0.000034 0.000034 0.000034 0.000034 0.000034 0.077319 0.918716
0.000034 0.000034 0.000034 0.000034 0.077319 0.000034 0.000034 0.000034 0.000034 0.000034 0.000034 0.000034 0.905276 0.000034 0.016163 0.000034 0.000034 0.000034 0.000034 0.000034 0.000034
0.000034 0.000034 0.000034 0.000034 0.000034 0.000034 0.000034 0.000034 0.000034 0.000034 0.700302 0.205679 0.000034 0.000034 0.000034 0.000034 0.000034 0.000034 0.093448 0.000034 0.000034
0.000034 0.077319 0.000034 0.000034 0.000034 0.239953 0.000034 0.000034 0.590087 0.000034 0.000034 0.000034 0.003394 0.000034 0.000034 0.000034 0.000034 0.000706 0.007426 0.000034 0.080679
0.000034 0.000034 0.000034 0.000034 0.000034 0.000034 0.000034 0.000034 0.715087 0.000034 0.000034 0.000034 0.000034 0.000034 0.000034 0.000034 0.000034 0.000706 0.284308 0.000034 0.000034
0.000034 0.000034 0.000034 0.000034 0.000034 0.000034 0.000034 0.000034 0.000706 0.000034 0.000034 0.998017 0.000034 0.000034 0.000034 0.000034 0.000034 0.000706 0.000706 0.000034 0.000034
0.000034 0.000034 0.000034 1.000034 0.000034 0.000034 0.000034 0.000034 0.000034 0.000034 0.000034 0.000034 0.000034 0.000034 0.000034 0.000034 0.000034 0.000034 0.000034 0.000034 0.000034
0.000034 0.000034 0.000034 0.000034 1.000034 0.000034 0.000034 0.000034 0.000034 0.000034 0.000034 0.000034 0.000034 0.000034 0.000034 0.000034 0.000034 0.000034 0.000034 0.000034 0.000034
0.000034 1.000034 0.000034 0.000034 0.000034 0.000034 0.000034 0.000034 0.000034 0.000034 0.000034 0.000034 0.000034 0.000034 0.000034 0.000034 0.000034 0.000034 0.000034 0.000034 0.000034
0.000034 0.000034 0.000034 0.000034 0.000034 0.000034 0.000034 1.000034 0.000034 0.000034 0.000034 0.000034 0.000034 0.000034 0.000034 0.000034 0.000034 0.000034 0.000034 0.000034 0.000034
0.000034 0.000034 0.000034 0.000034 0.000034 0.922077 0.000034 0.000034 0.000034 0.000034 0.000706 0.000034 0.000034 0.000034 0.000034 0.000034 0.000034 0.000034 0.000034 0.077319 0.000034
0.000034 0.000034 0.000034 0.000034 0.000034 0.000034 0.000034 0.000034 0.016835 0.000034 0.000034 0.000034 0.000034 0.000034 0.000706 0.000034 0.000706 0.981888 0.000034 0.000034 0.000034
0.000034 0.000034 0.000034 0.999362 0.000034 0.000034 0.000034 0.000034 0.000034 0.000034 0.000034 0.000034 0.000034 0.000034 0.000034 0.000034 0.000034 0.000034 0.000706 0.000034 0.000034
0.000034 0.000034 0.000034 0.000034 0.000034 0.000034 0.000034 0.000034 0.000034 0.000034 0.000706 0.000034 0.000034 0.999362 0.000034 0.000034 0.000034 0.000034 0.000034 0.000034 0.000034
0.000034 0.687534 0.006754 0.000034 0.000034 0.000706 0.000034 0.075974 0.000034 0.000034 0.000034 0.000034 0.000034 0.000034 0.000034 0.000034 0.226512 0.000034 0.000034 0.000034 0.002050
0.000034 0.000034 0.000034 0.000034 0.000034 0.000034 0.000706 0.000034 0.000706 0.000034 0.000034 0.000034 0.001378 0.000034 0.000034 0.001378 0.996001 0.000034 0.000034 0.000034 0.000034
0.000034 0.000034 0.000034 0.000034 0.000034 0.000034 0.000034 0.000034 0.948958 0.000034 0.000706 0.000034 0.000034 0.000034 0.000034 0.000034 0.000034 0.000706 0.047749 0.000034 0.000034
0.000034 0.997345 0.000034 0.000034 0.000034 0.000034 0.000706 0.000034 0.000034 0.000034 0.000034 0.000034 0.000034 0.000706 0.000034 0.000034 0.000034 0.000034 0.000034 0.000034 0.000034
0.000034 0.996673 0.000034 0.000034 0.000034 0.000034 0.000706 0.000034 0.000034 0.000034 0.000034 0.000034 0.000034 0.000034 0.000034 0.000706 0.000034 0.000034 0.000034 0.000034 0.000034
0.000034 0.000034 0.000034 0.000034 0.000034 0.000034 0.000706 0.000034 0.000706 0.000034 0.000034 0.000034 0.000034 0.000034 0.000034 0.997345 0.000034 0.000034 0.000034 0.000034 0.000034
0.000034 0.000034 0.000034 0.000034 0.000034 0.000034 0.997345 0.000034 0.000034 0.000034 0.000034 0.000034 0.000034 0.000034 0.000034 0.000034 0.000034 0.000034 0.000706 0.000034 0.000034
0.000034 0.000034 0.000706 0.000034 0.000034 0.000034 0.000034 0.077319 0.000034 0.000034 0.000034 0.000034 0.000034 0.000034 0.000034 0.000034 0.000034 0.000034 0.000034 0.000034 0.920060
0.000034 0.000034 0.000034 0.000034 0.000034 0.000706 0.000034 0.000034 0.920060 0.000034 0.077319 0.000034 0.000034 0.000034 0.000034 0.000034 0.000034 0.000034 0.000034 0.000034 0.000034
0.000034 0.095464 0.000034 0.000034 0.000034 0.000706 0.000034 0.000034 0.000034 0.000034 0.000034 0.000034 0.000034 0.000034 0.000034 0.000034 0.823958 0.000034 0.000034 0.000034 0.076647
0.000034 0.000034 0.000034 0.000034 0.000034 0.000034 0.000034 0.000034 0.000034 0.000034 0.000034 0.000034 0.000034 0.000034 0.000034 0.000034 0.012130 0.985921 0.000034 0.000034 0.000034
0.000034 0.000034 0.000034 0.000034 0.000034 0.000034 0.000034 0.000034 0.000034 0.230544 0.077319 0.000034 0.000034 0.000706 0.000034 0.689550 0.000034 0.000034 0.000034 0.000034 0.000034
0.000034 0.077991 0.000034 0.000034 0.000034 0.000034 0.000034 0.000034 0.000034 0.000034 0.000034 0.000034 0.000034 0.000034 0.000034 0.000034 0.000034 0.000034 0.920060 0.000034 0.000034
0.000034 0.000034 0.000034 0.000034 0.567910 0.000034 0.350840 0.000034 0.000034 0.076647 0.000034 0.000034 0.000034 0.000034 0.000706 0.000034 0.000706 0.000034 0.000034 0.000034 0.000034
0.000034 0.004066 0.000034 0.000034 0.075974 0.000034 0.000034 0.000034 0.000034 0.000706 0.252050 0.663340 0.000034 0.000034 0.000706 0.000034 0.000034 0.000034 0.000034 0.000034 0.000034
0.000034 0.000034 0.000034 0.000034 0.000034 0.000034 0.918716 0.000034 0.000034 0.000706 0.000034 0.000034 0.076647 0.000034 0.000034 0.000034 0.000034 0.000034 0.000706 0.000034 0.000034
0.000034 0.000034 0.000034 0.000706 0.918716 0.000034 0.000034 0.000034 0.000034 0.065222 0.000034 0.000034 0.000034 0.000034 0.000034 0.012802 0.000034 0.000034 0.000034 0.000034 0.000034
0.000034 0.915356 0.077319 0.000034 0.000034 0.000034 0.000034 0.000034 0.000034 0.000034 0.000034 0.000034 0.000034 0.000034 0.000034 0.000034 0.000034 0.004738 0.000706 0.000034 0.000034
0.000034 0.996001 0.000034 0.000034 0.000034 0.000034 0.000034 0.000034 0.000034 0.000034 0.000034 0.000034 0.000034 0.000034 0.000034 0.000034 0.000706 0.000706 0.000034 0.000034 0.000034
0.000034 0.720464 0.000034 0.000034 0.000034 0.002722 0.199630 0.000034 0.000034 0.000034 0.074630 0.000034 0.000034 0.000034 0.000034 0.000034 0.000034 0.000706 0.000034 0.000034 0.000034
0.000034 0.000034 0.000034 0.000034 0.000034 0.000034 0.000034 0.000034 0.915356 0.000034 0.000034 0.000034 0.000034 0.000034 0.000034 0.000034 0.000034 0.000034 0.082695 0.000034 0.000034
0.000034 0.000034 0.000034 0.000034 0.000034 0.918044 0.000034 0.000034 0.000034 0.000034 0.078663 0.000034 0.000034 0.000034 0.000034 0.000034 0.000706 0.000034 0.000034 0.000034 0.000034
0.000034 0.000034 0.000034 0.000034 0.000034 0.000034 0.000034 0.000034 0.000034 0.000706 0.000034 0.997345 0.000034 0.000034 0.000034 0.000034 0.000034 0.000034 0.000034 0.000034 0.000034
0.000034 0.000706 0.000034 0.000034 0.000034 0.000034 0.000034 0.000034 0.000034 0.000034 0.000034 0.000034 0.000034 0.000034 0.000034 0.000034 0.001378 0.996001 0.000034 0.000034 0.000034
0.000034 0.996673 0.000034 0.000706 0.000034 0.000034 0.000706 0.000034 0.000034 0.000034 0.000034 0.000034 0.000034 0.000034 0.000034 0.000034 0.000034 0.000034 0.000706 0.000034 0.000034
0.000034 0.000034 0.000034 0.000034 0.000034 0.000034 0.000034 0.000034 0.000034 0.000034 0.000034 0.000034 0.000034 0.000706 0.000034 0.000034 0.000034 0.998017 0.000034 0.000034 0.000034
0.000034 0.000034 0.000034 0.000034 0.000034 0.000034 0.000034 0.000034 0.000034 0.000034 0.000034 0.000034 0.000034 0.997345 0.000034 0.000706 0.000706 0.000034 0.000034 0.000034 0.000034
0.000034 0.000034 0.000034 0.000034 0.000034 0.000034 0.000034 0.000034 0.000034 0.000034 0.000034 0.000034 0.000034 0.996001 0.000034 0.000706 0.001378 0.000706 0.000034 0.000034 0.000034
0.000034 0.000034 0.000034 0.000034 0.000706 0.000034 0.998017 0.000034 0.000034 0.000034 0.000034 0.000034 0.000034 0.000034 0.000034 0.000034 0.000034 0.000034 0.000034 0.000034 0.000034
0.000034 0.016163 0.000034 0.000034 0.000034 0.000034 0.000034 0.000034 0.001378 0.071270 0.000034 0.000034 0.001378 0.000034 0.000706 0.005410 0.412668 0.489281 0.000034 0.000034 0.000034
0.000034 0.146539 0.000034 0.000034 0.000034 0.000034 0.006754 0.023555 0.006082 0.004066 0.000034 0.013474 0.015491 0.000034 0.000034 0.263474 0.229872 0.099496 0.188206 0.000034 0.000706
0.000034 0.000034 0.000034 0.668044 0.330679 0.000034 0.000034 0.000034 0.000034 0.000034 0.000034 0.000034 0.000034 0.000034 0.000034 0.000034 0.000034 0.000034 0.000034 0.000034 0.000034
0.000034 0.418716 0.000034 0.000034 0.000034 0.000034 0.000706 0.000034 0.000034 0.000034 0.000034 0.000034 0.000034 0.575302 0.000034 0.000034 0.002050 0.001378 0.000706 0.000034 0.000034
0.000034 0.000034 0.000034 0.000034 0.000034 0.998017 0.000034 0.000034 0.000034 0.000034 0.000034 0.000034 0.000034 0.000034 0.000034 0.000034 0.001378 0.000034 0.000034 0.000034 0.000034
0.000034 0.000034 0.000034 0.000034 0.000034 0.000034 0.000034 0.000034 0.000034 0.000034 0.000706 0.000034 0.000034 0.996673 0.000034 0.000034 0.000706 0.000034 0.000034 0.000034 0.000034
0.000034 0.000034 0.000034 0.165356 0.233905 0.000034 0.000034 0.000034 0.000034 0.000706 0.000706 0.000034 0.000034 0.000034 0.598152 0.000034 0.000034 0.000034 0.000706 0.000034 0.000034
0.000034 0.000034 0.000706 0.000034 0.000034 0.000034 0.000034 0.000034 0.000706 0.000034 0.000034 0.000034 0.000034 0.000034 0.000034 0.000034 0.969792 0.026243 0.000034 0.000034 0.000034
0.000034 0.000034 0.000034 0.000706 0.000034 0.000034 0.000034 0.000706 0.000706 0.004738 0.000034 0.000034 0.991297 0.000034 0.000034 0.000034 0.000034 0.000706 0.000034 0.000034 0.000034
0.000034 0.652587 0.000034 0.000034 0.000034 0.000034 0.076647 0.000034 0.000034 0.000034 0.000034 0.000034 0.000034 0.000706 0.000034 0.000706 0.266163 0.000706 0.000706 0.000034 0.000034
0.000034 0.084039 0.000034 0.000034 0.000706 0.000034 0.000706 0.000034 0.003394 0.000034 0.001378 0.000034 0.000034 0.714415 0.000034 0.000034 0.000034 0.000034 0.194254 0.000034 0.000034
0.000034 0.000034 0.000034 0.000034 0.000034 0.000034 0.000034 0.000034 0.969792 0.000034 0.000034 0.000034 0.000034 0.000034 0.000034 0.000034 0.000034 0.000034 0.028931 0.000034 0.000034
0.000034 0.006754 0.000034 0.000034 0.048421 0.002050 0.000034 0.059845 0.069926 0.000706 0.017507 0.196942 0.000034 0.000034 0.349496 0.000034 0.167372 0.071270 0.008098 0.000034 0.000706
0.000034 0.000034 0.000034 0.920060 0.000034 0.000034 0.000706 0.000034 0.000034 0.000034 0.000034 0.000034 0.000706 0.000034 0.000034 0.000034 0.077319 0.000034 0.000034 0.000034 0.000034
0.000034 0.000034 0.000034 0.000706 0.626378 0.000034 0.000034 0.000034 0.076647 0.000706 0.190222 0.017507 0.000034 0.000034 0.000034 0.000034 0.000706 0.065894 0.018851 0.000706 0.000034
0.000034 0.000034 0.000034 0.000706 0.757426 0.000034 0.000034 0.000034 0.000034 0.000034 0.000034 0.000034 0.000034 0.001378 0.235249 0.000034 0.004066 0.000034 0.000706 0.000034 0.000034
0.001378 0.036996 0.000034 0.054469 0.000034 0.000034 0.000706 0.000034 0.000706 0.067238 0.000034 0.000034 0.000706 0.000034 0.000034 0.608233 0.004738 0.156620 0.067910 0.000034 0.000034
0.001378 0.005410 0.000034 0.350840 0.552453 0.000034 0.001378 0.000034 0.000034 0.000034 0.000034 0.000034 0.000034 0.004066 0.083367 0.000034 0.000034 0.000034 0.000034 0.000034 0.000034
0.001378 0.000034 0.000034 0.000034 0.000034 0.000034 0.000034 0.000034 0.892507 0.000034 0.000034 0.000034 0.000034 0.000034 0.000034 0.000034 0.000706 0.000706 0.102856 0.000034 0.000034
0.001378 0.000034 0.000034 0.000034 0.000034 0.000034 0.000034 0.000034 0.000034 0.000034 0.000706 0.000034 0.000034 0.996673 0.000034 0.000034 0.000706 0.000034 0.000034 0.000034 0.000034
0.000034 0.000034 0.000034 0.315894 0.680141 0.000034 0.000706 0.000034 0.000034 0.000034 0.000034 0.000034 0.000706 0.000034 0.000034 0.000034 0.000034 0.000034 0.000034 0.000034 0.000034
0.000034 0.000034 0.000034 0.000034 0.000034 0.000034 0.078663 0.000034 0.000034 0.016163 0.000034 0.000034 0.000034 0.000034 0.000034 0.903931 0.000034 0.000034 0.000034 0.000706 0.000034
0.000034 0.320598 0.000034 0.000034 0.077319 0.000034 0.000034 0.000034 0.000034 0.000034 0.000034 0.000034 0.000034 0.001378 0.000034 0.000034 0.599496 0.000706 0.000034 0.000034 0.000034
0.000034 0.000034 0.000034 0.000034 0.000034 0.000034 0.000706 0.000034 0.000034 0.000034 0.000034 0.000034 0.000034 0.000034 0.000034 0.000706 0.000034 0.000034 0.000034 0.997345 0.000034
0.000034 0.000034 0.000034 0.000034 0.000034 0.000034 0.000034 0.000034 0.000034 0.000034 0.000034 0.000034 0.748690 0.000034 0.000034 0.077319 0.173421 0.000034 0.000034 0.000034 0.000034
0.000034 0.000706 0.000034 0.071270 0.006082 0.000706 0.000034 0.000034 0.000034 0.000034 0.004066 0.000034 0.001378 0.000706 0.000034 0.001378 0.830679 0.082023 0.000034 0.000034 0.000034
0.000034 0.000034 0.000034 0.000034 0.000034 0.000034 0.999362 0.000034 0.000034 0.000034 0.000034 0.000034 0.000034 0.000034 0.000034 0.000034 0.000034 0.000034 0.000034 0.000034 0.000034
0.000034 0.000034 0.000034 0.000706 0.000034 0.218448 0.000034 0.202319 0.000034 0.000034 0.000034 0.000034 0.145195 0.000034 0.000034 0.000034 0.000034 0.000034 0.000034 0.000034 0.432157
0.000034 0.000034 0.000034 0.290356 0.703663 0.000034 0.001378 0.000034 0.000034 0.000034 0.000034 0.000034 0.000706 0.000034 0.001378 0.000034 0.000034 0.000034 0.000034 0.000034 0.000034
0.000034 0.000034 0.000034 0.000034 0.000034 0.000034 0.000034 0.000034 0.000034 0.000034 0.000034 0.000034 0.000034 0.000034 0.000034 0.000034 0.000034 0.000034 0.000034 0.997345 0.000034
0.000034 0.000034 0.000034 0.000034 0.000034 0.000034 0.000034 0.000034 0.741969 0.000034 0.000034 0.000034 0.000034 0.000034 0.000034 0.000034 0.000706 0.000706 0.255410 0.000034 0.000034
0.000034 0.000706 0.000034 0.000034 0.000034 0.000034 0.000034 0.000034 0.000706 0.000034 0.000034 0.002050 0.000034 0.000034 0.000034 0.000034 0.000034 0.996001 0.000034 0.000034 0.000034
0.000034 0.000034 0.000034 0.675437 0.297749 0.000034 0.002722 0.000034 0.000034 0.000034 0.000034 0.000034 0.020195 0.000034 0.000034 0.000034 0.004066 0.000034 0.000034 0.000034 0.000034
0.000034 0.000034 0.000706 0.000034 0.000034 0.569926 0.000034 0.065222 0.000034 0.000034 0.000706 0.000034 0.000034 0.000034 0.000034 0.000034 0.000034 0.000034 0.000034 0.000034 0.362937
0.000034 0.139147 0.000034 0.000706 0.079335 0.001378 0.000034 0.000706 0.021539 0.194254 0.000706 0.000034 0.000706 0.200974 0.049765 0.000706 0.071270 0.157964 0.075302 0.000034 0.000034
0.000034 0.000034 0.000034 0.000034 0.000034 0.000034 0.998690 0.000034 0.000034 0.000034 0.000034 0.000034 0.000034 0.000034 0.000034 0.000034 0.000034 0.000034 0.000706 0.000034 0.000034
0.000034 0.000034 0.000034 0.000034 0.001378 0.000034 0.000034 0.000034 0.000034 0.901915 0.000034 0.000034 0.000034 0.000034 0.000034 0.096808 0.000034 0.000034 0.000034 0.000034 0.000034
0.000034 0.000034 0.000034 0.000034 0.000034 0.000034 0.000034 0.000034 0.000034 0.001378 0.000034 0.000034 0.000034 0.000034 0.000034 0.000034 0.000706 0.998017 0.000034 0.000034 0.000034
0.000034 0.077319 0.000034 0.000034 0.000034 0.000034 0.000034 0.000034 0.004738 0.000034 0.000034 0.000034 0.000034 0.000034 0.000034 0.000034 0.000034 0.000034 0.918044 0.000034 0.000034
0.000034 0.000034 0.000034 0.000034 0.000034 0.000034 0.000034 0.000034 0.000034 0.000034 0.000034 0.000034 0.000034 0.000034 0.000034 0.000034 0.000034 0.000034 0.000034 1.000034 0.000034
0.000034 0.000034 0.000034 0.000034 0.000034 1.000034 0.000034 0.000034 0.000034 0.000034 0.000034 0.000034 0.000034 0.000034 0.000034 0.000034 0.000034 0.000034 0.000034 0.000034 0.000034
0.000034 0.000034 0.000034 0.000034 0.000034 0.000034 0.000706 0.000034 0.000034 0.000034 0.000034 0.000034 0.000034 0.000034 0.000034 0.000034 0.000034 0.000034 0.999362 0.000034 0.000034
0.000034 0.082695 0.000034 0.000034 0.000034 0.000034 0.000034 0.000034 0.000034 0.000034 0.000034 0.000034 0.000034 0.913340 0.000034 0.000034 0.002722 0.000034 0.000034 0.000034 0.000034
0.000034 0.000034 0.000034 0.000034 0.000034 0.000034 0.000706 0.000034 0.000034 0.000034 0.000034 0.000034 0.000034 0.000034 0.000034 0.000706 0.998017 0.000706 0.000034 0.000034 0.000034
0.000034 0.000034 0.000034 0.000034 0.000034 0.000034 0.000034 0.000034 0.675437 0.000034 0.000034 0.000034 0.000034 0.000034 0.000034 0.000034 0.000034 0.000706 0.323958 0.000034 0.000034
0.000034 0.067238 0.000034 0.000034 0.000034 0.000034 0.000034 0.000034 0.000034 0.841431 0.000034 0.000706 0.000034 0.000034 0.000034 0.077991 0.006082 0.000706 0.004066 0.000034 0.000034
0.000034 0.411324 0.000034 0.000034 0.000034 0.000034 0.000034 0.000034 0.001378 0.075974 0.000706 0.237937 0.065222 0.000034 0.000034 0.001378 0.190222 0.012802 0.000706 0.000034 0.000034
0.000034 0.000034 0.000034 0.000034 0.000034 0.000034 0.996673 0.000034 0.000034 0.000034 0.000034 0.000034 0.000034 0.000034 0.000034 0.000034 0.002050 0.000034 0.000034 0.000034 0.000034
0.000034 0.000034 0.000034 0.000034 0.001378 0.000034 0.077319 0.000034 0.000034 0.000034 0.000034 0.000034 0.920060 0.000034 0.000034 0.000034 0.000706 0.000034 0.000034 0.000034 0.000034
0.000034 0.023555 0.000034 0.597480 0.322614 0.000034 0.001378 0.000034 0.028259 0.000034 0.000034 0.000034 0.000034 0.000034 0.000034 0.000034 0.000034 0.004066 0.022211 0.000034 0.000034
0.000034 0.000034 0.000034 0.000034 0.000034 0.000034 0.000034 0.000034 0.993985 0.000034 0.000034 0.002722 0.000706 0.000034 0.000034 0.000034 0.001378 0.000034 0.000706 0.000034 0.000034
0.000034 0.994657 0.000034 0.000034 0.000034 0.000034 0.000034 0.000034 0.000034 0.000034 0.000034 0.000034 0.000034 0.000034 0.000034 0.000706 0.000034 0.003394 0.000706 0.000034 0.000034
0.000034 0.264819 0.000034 0.000034 0.000034 0.000034 0.000034 0.000034 0.014147 0.000034 0.155276 0.053797 0.398555 0.000034 0.029603 0.077319 0.000034 0.002050 0.004066 0.000034 0.000034
0.000034 0.004738 0.920733 0.000034 0.000034 0.000034 0.000034 0.000034 0.000034 0.000034 0.000034 0.000034 0.000034 0.000034 0.000034 0.000706 0.000034 0.072614 0.000706 0.000034 0.000034
0.000034 0.000034 0.000034 0.000034 0.000034 0.000034 0.000034 0.000034 0.000706 0.000034 0.998690 0.000034 0.000034 0.000034 0.000034 0.000034 0.000034 0.000034 0.000034 0.000034 0.000034
0.000034 0.000034 0.000034 0.000034 0.000706 0.000034 0.000034 0.000034 0.000034 0.002050 0.000034 0.000034 0.000034 0.000034 0.256754 0.672749 0.000706 0.066566 0.000034 0.000034 0.000034
0.000034 0.000034 0.001378 0.000034 0.000034 0.000034 0.000034 0.000034 0.000034 0.680813 0.000034 0.000034 0.000034 0.000034 0.077319 0.239953 0.000034 0.000034 0.000034 0.000034 0.000034
0.000034 0.321942 0.000034 0.000034 0.000034 0.000034 0.000034 0.000034 0.000034 0.069926 0.000034 0.000034 0.548421 0.000034 0.000034 0.007426 0.049765 0.002050 0.000034 0.000034 0.000034
0.000034 0.000034 0.000034 0.000034 0.002050 0.000034 0.996001 0.000034 0.000034 0.000034 0.000034 0.000034 0.000034 0.000034 0.000034 0.000706 0.000034 0.000034 0.000034 0.000034 0.000034
0.000034 0.000034 0.000034 0.000034 0.000706 0.000034 0.000034 0.000034 0.000034 0.998017 0.000034 0.000034 0.000034 0.000034 0.000034 0.000706 0.000034 0.000034 0.000034 0.000034 0.000034
0.000034 0.000034 0.000034 0.000034 0.000034 0.000034 0.000034 0.000034 0.000034 0.588071 0.000034 0.000706 0.000034 0.000706 0.000034 0.332695 0.076647 0.001378 0.000034 0.000034 0.000034
0.000034 0.000034 0.000034 0.000034 0.000034 0.000706 0.000034 0.000034 0.000706 0.000034 0.000034 0.000034 0.000034 0.000034 0.000034 0.000034 0.000034 0.000034 0.998690 0.000034 0.000034
0.000034 0.000034 0.000034 0.000034 0.000034 0.000034 0.000034 0.000034 0.851512 0.000034 0.000034 0.000034 0.000706 0.000034 0.000034 0.000034 0.000034 0.000034 0.146539 0.000034 0.000034
0.000034 0.000034 0.077319 0.000034 0.000034 0.000034 0.000034 0.000034 0.000034 0.000034 0.000034 0.000034 0.000034 0.000706 0.922077 0.000034 0.000034 0.000034 0.000034 0.000034 0.000034
0.000034 0.000034 0.000034 0.000034 0.000034 0.000034 0.000034 0.000034 0.000034 0.000034 0.999362 0.000034 0.000034 0.000034 0.000034 0.000034 0.000034 0.000034 0.000034 0.000034 0.000706
0.000034 0.000034 0.000034 0.000034 0.000034 0.000034 0.000034 0.000034 0.000034 0.000034 0.000034 0.000034 0.333367 0.000034 0.000034 0.000034 0.666028 0.000034 0.000034 0.000034 0.000034
0.000034 0.000034 0.000034 0.000034 0.000034 0.000034 0.000034 0.000034 0.000034 0.000034 0.000034 0.000034 0.000034 0.000034 0.000034 0.922749 0.077319 0.000034 0.000034 0.000034 0.000034
0.000034 0.000034 0.000034 0.000034 0.000706 0.000034 0.000034 0.000034 0.000034 0.996001 0.000034 0.000034 0.000706 0.000034 0.000706 0.001378 0.000034 0.000034 0.000034 0.000034 0.000034
0.000034 0.000034 0.001378 0.000034 0.000034 0.000034 0.000034 0.000034 0.000034 0.000034 0.000034 0.000034 0.000034 0.000034 0.000034 0.000034 0.256082 0.742641 0.000034 0.000034 0.000034
0.000034 0.000034 0.000034 0.000034 0.000034 0.757426 0.000034 0.000034 0.000706 0.000034 0.000034 0.000034 0.000034 0.000034 0.000034 0.000034 0.000706 0.000034 0.000034 0.000034 0.240625
0.000034 0.000034 0.000034 0.690894 0.301109 0.000034 0.001378 0.000034 0.000034 0.000034 0.000034 0.000034 0.001378 0.000034 0.000034 0.000034 0.000034 0.000034 0.000034 0.000034 0.000034
0.000034 0.000706 0.000034 0.000034 0.000034 0.004066 0.000034 0.000034 0.000034 0.077319 0.000034 0.000034 0.000034 0.000034 0.000034 0.000706 0.187534 0.729872 0.000034 0.000034 0.000034
0.000034 0.000034 0.000034 0.075974 0.924093 0.000034 0.000034 0.000034 0.000034 0.000034 0.000034 0.000034 0.000034 0.000034 0.000034 0.000034 0.000034 0.000034 0.000034 0.000034 0.000034
0.000034 0.000034 0.000034 0.000034 0.000034 0.067238 0.000034 0.001378 0.000034 0.000034 0.000034 0.000034 0.000034 0.000034 0.000034 0.000034 0.000034 0.000034 0.000034 0.000034 0.930813
0.000034 0.004738 0.000034 0.000034 0.000034 0.000034 0.004066 0.000034 0.045060 0.000706 0.007426 0.000034 0.000034 0.304469 0.416700 0.000034 0.051781 0.018851 0.146539 0.000034 0.000034
0.000034 0.000034 0.000034 0.000034 0.000706 0.000034 0.000034 0.000034 0.000034 0.920060 0.000034 0.000034 0.000706 0.000034 0.000034 0.078663 0.000034 0.000034 0.000034 0.000034 0.000034
0.000034 0.000034 0.239953 0.000034 0.000034 0.000034 0.000034 0.000034 0.000034 0.001378 0.000034 0.001378 0.000034 0.000034 0.000034 0.000034 0.001378 0.680141 0.075974 0.000034 0.000034
0.000034 0.000034 0.000034 0.000034 0.000034 0.000034 0.000034 0.002050 0.000034 0.680141 0.000034 0.000034 0.000034 0.000034 0.000034 0.313878 0.000034 0.000034 0.000034 0.000034 0.000034
0.000034 0.051781 0.000034 0.063878 0.012802 0.000034 0.000706 0.055813 0.002050 0.000034 0.193582 0.000034 0.469792 0.000034 0.000034 0.000034 0.003394 0.145195 0.000034 0.000034 0.000706
0.000034 0.000034 0.000034 0.155948 0.077319 0.000034 0.082695 0.000034 0.000706 0.000034 0.000034 0.000706 0.553797 0.000034 0.067238 0.000034 0.008770 0.047749 0.000034 0.000034 0.000706
0.000034 0.000706 0.000034 0.836727 0.084711 0.000034 0.000706 0.000034 0.000034 0.077319 0.000034 0.000034 0.000034 0.000034 0.000034 0.000034 0.000034 0.000034 0.000034 0.000034 0.000034
0.000034 0.000706 0.000034 0.000034 0.000034 0.000034 0.000706 0.000034 0.000034 0.000034 0.000034 0.000034 0.000034 0.076647 0.000034 0.000706 0.000034 0.000034 0.000034 0.921405 0.000034
0.000034 0.000034 0.000034 0.998017 0.000706 0.000034 0.001378 0.000034 0.000034 0.000034 0.000034 0.000034 0.000034 0.000034 0.000034 0.000034 0.000034 0.000034 0.000034 0.000034 0.000034
0.000034 0.000034 0.000034 0.000034 0.000034 0.795060 0.000034 0.000034 0.000034 0.000034 0.000034 0.000034 0.000034 0.000034 0.000034 0.000034 0.000034 0.000034 0.000034 0.000034 0.205007
0.000034 0.000034 0.000034 0.000034 0.000034 0.000034 0.000034 0.000034 0.000034 0.000034 0.000706 0.000034 0.000034 0.000034 0.000034 0.000034 0.000034 0.000034 0.999362 0.000034 0.000034
0.000034 0.000034 0.000034 0.000706 0.000034 0.000034 0.001378 0.000034 0.238609 0.000034 0.000706 0.000034 0.000034 0.000034 0.000034 0.000034 0.000034 0.000034 0.758770 0.000034 0.000034
0.000034 0.000706 0.000034 0.000034 0.000034 0.000034 0.000034 0.000034 0.000034 0.000034 0.000034 0.000034 0.000034 0.000034 0.000034 0.000034 0.000034 0.999362 0.000034 0.000034 0.000034
0.000034 0.000706 0.000034 0.000034 0.000034 0.000034 0.000034 0.000034 0.000034 0.000034 0.000034 0.000034 0.000034 0.000034 0.000034 0.000034 0.000034 0.999362 0.000034 0.000034 0.000034
0.000034 0.000034 0.000034 1.000034 0.000034 0.000034 0.000034 0.000034 0.000034 0.000034 0.000034 0.000034 0.000034 0.000034 0.000034 0.000034 0.000034 0.000034 0.000034 0.000034 0.000034
0.000034 0.000034 0.000034 0.000034 0.000034 0.000034 0.000034 0.000034 0.999362 0.000034 0.000034 0.000706 0.000034 0.000034 0.000034 0.000034 0.000034 0.000034 0.000034 0.000034 0.000034
0.000034 0.000034 0.000034 0.000034 0.000034 0.001378 0.000034 0.000034 0.000034 0.000034 0.000034 0.000034 0.000034 0.000034 0.000034 0.000034 0.998690 0.000034 0.000034 0.000034 0.000034
0.000034 0.000034 0.000034 0.000034 0.998690 0.000034 0.000034 0.000034 0.000034 0.000034 0.000034 0.000034 0.000034 0.000034 0.000706 0.000034 0.000034 0.000034 0.000706 0.000034 0.000034
0.000034 0.000034 0.000034 0.000034 0.000034 0.000034 0.000034 0.000034 0.000034 0.000034 0.000034 0.997345 0.000034 0.000034 0.000034 0.000034 0.000034 0.000034 0.002050 0.000034 0.000034
0.000034 0.000034 0.000034 0.000034 0.000034 0.000034 0.998690 0.000034 0.000034 0.000034 0.000706 0.000034 0.000034 0.000034 0.000034 0.000034 0.000034 0.000034 0.000034 0.000034 0.000034
0.000034 0.998690 0.000034 0.000034 0.000034 0.000034 0.000034 0.000034 0.000034 0.000034 0.000034 0.000034 0.000034 0.000706 0.000034 0.000034 0.000034 0.000706 0.000034 0.000034 0.000034
0.000034 0.000034 0.000034 0.000034 0.000034 0.000034 0.000034 0.000034 0.000034 0.000034 0.000034 0.000034 0.999362 0.000034 0.000034 0.000034 0.000034 0.000034 0.000034 0.000034 0.000706
0.000034 0.000034 0.000034 0.000034 0.000034 0.921405 0.000034 0.000034 0.000034 0.000034 0.077991 0.000034 0.000034 0.000034 0.000034 0.000034 0.000706 0.000034 0.000034 0.000034 0.000034
0.000034 0.000034 0.000034 0.077319 0.000034 0.000034 0.098824 0.000034 0.000706 0.555141 0.000034 0.000034 0.000034 0.000706 0.000034 0.266835 0.000034 0.000034 0.000034 0.000034 0.000034
0.000034 0.920060 0.000034 0.000034 0.000034 0.000034 0.000034 0.000034 0.000034 0.000034 0.000034 0.000034 0.000034 0.000034 0.000034 0.000034 0.000034 0.002050 0.077991 0.000034 0.000034
0.000034 0.002050 0.000034 0.416028 0.197614 0.000034 0.047749 0.016835 0.000034 0.000034 0.000034 0.000034 0.010786 0.000034 0.001378 0.001378 0.303797 0.002050 0.000034 0.000034 0.000034
0.000034 0.000034 0.000034 0.000034 0.000034 0.000034 0.000034 0.000034 0.000034 0.000034 0.000034 0.000034 0.000034 0.000034 0.000034 0.998690 0.000034 0.000706 0.000034 0.000034 0.000034
0.000034 0.000034 0.000034 0.000034 0.000034 0.000034 0.000706 0.000034 0.000706 0.000034 0.000034 0.000034 0.000034 0.000034 0.000034 0.000034 0.000034 0.000034 0.998017 0.000034 0.000034
0.000034 0.000034 0.000034 0.000034 0.000034 0.000034 0.000034 0.000034 0.997345 0.000034 0.000034 0.001378 0.000034 0.000034 0.000034 0.000034 0.000034 0.000034 0.000706 0.000034 0.000034
0.000034 0.000034 0.000034 0.998690 0.000034 0.000034 0.000034 0.000034 0.000034 0.000034 0.000034 0.000034 0.000034 0.000034 0.000034 0.000034 0.000034 0.000034 0.000034 0.000034 0.000706
0.000034 0.000034 0.082695 0.000034 0.000034 0.000034 0.077319 0.000034 0.000034 0.000034 0.000706 0.000034 0.000034 0.598152 0.000034 0.000034 0.240625 0.000034 0.000034 0.000034 0.000034
0.000034 0.000034 0.000034 0.000034 0.000034 0.000034 0.000034 0.000034 0.000034 0.000034 0.000034 0.000034 0.000034 0.000034 0.000034 0.999362 0.000034 0.000034 0.000034 0.000034 0.000034
0.000034 0.000034 0.000034 0.000034 0.000034 0.000034 0.000706 0.000034 0.000034 0.256754 0.000034 0.000034 0.000034 0.000034 0.000034 0.664012 0.000034 0.077319 0.000034 0.000034 0.000034
0.000034 0.000034 0.680813 0.000034 0.000034 0.000034 0.000034 0.000034 0.000034 0.000034 0.000034 0.000034 0.077319 0.000034 0.000034 0.000034 0.240625 0.000034 0.000034 0.000034 0.000034
0.000034 0.000706 0.000034 0.000034 0.000034 0.000034 0.000034 0.000034 0.077319 0.000034 0.464415 0.198958 0.000034 0.000034 0.000034 0.000034 0.000706 0.000034 0.256754 0.000034 0.000034
0.000034 0.000034 0.000034 0.000034 0.001378 0.000034 0.000034 0.000034 0.000706 0.994657 0.000034 0.000034 0.001378 0.000034 0.000034 0.000706 0.000034 0.000034 0.000034 0.000034 0.000034
0.000034 0.000034 0.000034 0.000034 0.000034 0.000034 0.000034 0.000034 0.000034 0.000034 0.000034 0.000034 0.000034 0.998690 0.000034 0.000034 0.000034 0.000034 0.000034 0.000034 0.000034
0.077319 0.001378 0.000034 0.000034 0.000034 0.000034 0.000706 0.000034 0.003394 0.000034 0.000034 0.000034 0.000034 0.000034 0.000034 0.000034 0.000034 0.237265 0.678797 0.000034 0.000034
0.077319 0.000034 0.000034 0.000034 0.000034 0.000034 0.000034 0.000034 0.920060 0.000034 0.000034 0.000034 0.000034 0.000034 0.000034 0.000034 0.000706 0.000034 0.000034 0.000034 0.000034
0.077319 0.000034 0.000034 0.000034 0.000034 0.000034 0.000034 0.000034 0.161324 0.000034 0.754066 0.001378 0.000034 0.002050 0.000034 0.000034 0.001378 0.000034 0.000706 0.000034 0.000034
0.067238 0.002050 0.000034 0.003394 0.186190 0.000034 0.000034 0.000034 0.000034 0.205007 0.000034 0.000034 0.000034 0.002050 0.001378 0.001378 0.000706 0.530948 0.000034 0.000034 0.000034
0.000034 0.000034 0.000034 0.675437 0.317238 0.000034 0.002050 0.000706 0.000034 0.000706 0.000034 0.000034 0.002050 0.000034 0.000034 0.000034 0.000034 0.000034 0.000034 0.000034 0.000034
0.016163 0.000706 0.000034 0.000706 0.000706 0.000034 0.900571 0.000034 0.004066 0.000034 0.000034 0.000034 0.000034 0.000034 0.000034 0.000706 0.001378 0.000034 0.073286 0.000034 0.000034
0.067238 0.000034 0.000034 0.110249 0.423421 0.000034 0.000034 0.000034 0.000034 0.000034 0.000034 0.000034 0.000034 0.395195 0.000706 0.000034 0.003394 0.000034 0.000034 0.000034 0.000034
0.000034 0.000706 0.000034 0.016163 0.663340 0.000034 0.314550 0.000034 0.000034 0.000034 0.000034 0.000034 0.001378 0.000034 0.000034 0.000034 0.000706 0.000034 0.000034 0.000034 0.000034
0.000034 0.000034 0.000034 0.000034 0.000034 0.000034 0.000706 0.000034 0.000034 0.026243 0.000034 0.000034 0.000034 0.000034 0.000034 0.969120 0.000034 0.000034 0.000034 0.000034 0.000034
0.000034 0.000034 0.000034 0.000034 0.000034 0.000034 0.000034 0.000034 0.001378 0.000034 0.000034 0.000034 0.000034 0.000034 0.000034 0.000034 0.000034 0.000034 0.995329 0.000034 0.000034
0.000034 0.000034 0.000034 0.000034 0.077319 0.000706 0.000034 0.000034 0.903259 0.000034 0.000034 0.000034 0.000034 0.000034 0.000034 0.000034 0.000034 0.001378 0.013474 0.000034 0.000034
0.000034 0.000034 0.000034 0.000034 0.000034 0.002050 0.000034 0.000034 0.000034 0.000034 0.987937 0.006082 0.000034 0.000034 0.000034 0.000034 0.000034 0.000034 0.000034 0.000034 0.000034
0.000034 0.664684 0.000034 0.000034 0.000034 0.000034 0.212399 0.000034 0.004066 0.000034 0.000034 0.000034 0.016835 0.000034 0.000034 0.000034 0.028259 0.070598 0.000034 0.000034 0.000034
0.000034 0.000034 0.000034 0.002050 0.157292 0.000034 0.754738 0.000034 0.000034 0.000034 0.000034 0.000034 0.077991 0.000034 0.000034 0.000034 0.000034 0.000034 0.004738 0.000034 0.000034
0.000034 0.000034 0.000034 0.000034 0.000034 0.000034 0.000034 0.000034 0.000034 0.000034 0.000034 0.000034 0.000034 0.919388 0.000034 0.000034 0.000034 0.076647 0.000706 0.000034 0.000034
0.000034 0.000034 0.000034 0.000034 0.000034 0.000034 0.000034 0.000034 0.051109 0.000034 0.000034 0.627722 0.000034 0.000034 0.000034 0.077319 0.240625 0.000034 0.000034 0.000034 0.000034
0.000034 0.178125 0.000034 0.000034 0.000034 0.000034 0.000034 0.000034 0.000034 0.006082 0.000034 0.000034 0.000034 0.738609 0.000034 0.071270 0.003394 0.000034 0.000034 0.000034 0.000034
0.000034 0.000706 0.000034 0.000034 0.000034 0.000034 0.000034 0.000034 0.125034 0.000034 0.000034 0.000706 0.000034 0.000034 0.000034 0.000034 0.000034 0.000034 0.871001 0.000034 0.000034
0.000034 0.000706 0.000034 0.000034 0.000034 0.000034 0.000034 0.000034 0.000034 0.000034 0.000034 0.000034 0.000034 0.000706 0.000034 0.000034 0.000706 0.995329 0.000034 0.000034 0.000034
0.000034 0.286324 0.000034 0.000034 0.000034 0.000034 0.000034 0.262130 0.000034 0.000034 0.000034 0.000034 0.000034 0.049093 0.000034 0.000034 0.098824 0.077319 0.221808 0.000034 0.001378
0.000034 0.795733 0.000034 0.000034 0.000034 0.001378 0.000034 0.000034 0.000706 0.000034 0.000034 0.000034 0.000034 0.000034 0.000034 0.000034 0.198286 0.000706 0.000034 0.000034 0.000034
0.000034 0.000034 0.000034 0.000034 0.000034 0.000034 0.000034 0.000034 0.000706 0.000034 0.000034 0.000034 0.000706 0.000034 0.000034 0.000034 0.995329 0.000034 0.000034 0.000034 0.000034
0.000034 0.995329 0.000034 0.000034 0.000034 0.000034 0.000034 0.000034 0.000034 0.000034 0.000034 0.000034 0.000034 0.000706 0.000034 0.000034 0.000034 0.000034 0.000034 0.000034 0.000034
0.000034 0.995329 0.000034 0.000034 0.000034 0.000034 0.000034 0.000034 0.000034 0.000034 0.000034 0.000034 0.000706 0.000034 0.000034 0.000034 0.000034 0.000706 0.000034 0.000034 0.000034
0.000034 0.000034 0.000034 0.000034 0.000034 0.000034 0.000034 0.000034 0.000034 0.000034 0.000034 0.000034 0.000034 0.000706 0.996001 0.000034 0.000034 0.000034 0.000034 0.000034 0.000034
0.000706 0.000034 0.000034 0.000034 0.000034 0.000034 0.000034 0.000034 0.000034 0.000034 0.000034 0.000034 0.000034 0.000034 0.000034 0.996001 0.000034 0.000034 0.000034 0.000034 0.000034
0.000034 0.000034 0.000034 0.000034 0.000034 0.000034 0.000706 0.000034 0.000034 0.000706 0.000034 0.000034 0.000034 0.000034 0.000034 0.995329 0.000034 0.000034 0.000034 0.000034 0.000034
0.000034 0.000034 0.000034 0.000034 0.000034 0.000034 0.996673 0.000034 0.000034 0.000034 0.000034 0.000034 0.000034 0.000034 0.000034 0.000034 0.000034 0.000034 0.000034 0.000034 0.000034
0.000034 0.000034 0.000034 0.000034 0.000034 0.000034 0.000034 0.000034 0.000034 0.000034 0.000034 0.000034 0.000034 0.000034 0.000034 0.996673 0.000034 0.000034 0.000034 0.000034 0.000034
0.000034 0.000034 0.000034 0.000034 0.000034 0.000706 0.000034 0.000034 0.645867 0.000034 0.000034 0.000034 0.000034 0.000034 0.000034 0.000034 0.000034 0.000706 0.349496 0.000034 0.000034
0.000034 0.001378 0.000034 0.000034 0.000034 0.000034 0.995329 0.000034 0.000034 0.000034 0.000034 0.000034 0.000034 0.000034 0.000034 0.000034 0.000706 0.000034 0.000034 0.000034 0.000034
0.000034 0.000034 0.000034 0.000034 0.000034 0.000034 0.000034 0.000034 0.000034 0.000034 0.000034 0.000034 0.000034 0.000034 0.000034 0.997345 0.000034 0.000034 0.000034 0.000034 0.000034
0.000034 0.000034 0.000034 0.000706 0.000034 0.000034 0.000034 0.016835 0.000034 0.000034 0.000034 0.000034 0.910652 0.000034 0.053797 0.000706 0.006754 0.008098 0.000034 0.000034 0.000034
0.000034 0.000034 0.000034 0.013474 0.053125 0.000034 0.004738 0.108233 0.000034 0.000034 0.002722 0.000034 0.000034 0.711055 0.088743 0.000034 0.014147 0.000034 0.000034 0.000034 0.001378
0.000034 0.044388 0.000034 0.000034 0.000706 0.000034 0.076647 0.000706 0.000034 0.189550 0.002722 0.000034 0.320598 0.002050 0.140491 0.012802 0.199630 0.006754 0.000706 0.000034 0.000034
0.000034 0.000034 0.000034 0.000034 0.000034 0.000034 0.000034 0.000034 0.000034 0.414684 0.000034 0.000034 0.199630 0.000034 0.305141 0.077991 0.000034 0.000034 0.000034 0.000034 0.000034
0.000034 0.000706 0.000034 0.000706 0.596808 0.000034 0.000706 0.000034 0.042372 0.000034 0.000034 0.000034 0.000034 0.064550 0.000034 0.000034 0.000034 0.076647 0.215087 0.000034 0.000034
0.077319 0.000034 0.000034 0.048421 0.000034 0.000034 0.526915 0.000034 0.000034 0.000034 0.000034 0.000034 0.343448 0.000034 0.000034 0.000034 0.001378 0.000034 0.000034 0.000034 0.000034
0.000034 0.000034 0.000034 0.997345 0.000034 0.000034 0.000034 0.000034 0.000034 0.000034 0.000034 0.000034 0.000706 0.000034 0.000034 0.000034 0.000034 0.000034 0.000034 0.000034 0.000034
0.000034 0.000034 0.000034 0.000034 0.394523 0.000034 0.000034 0.000034 0.000034 0.000034 0.002050 0.000034 0.000034 0.000034 0.598824 0.000034 0.000034 0.002050 0.000034 0.000034 0.000034
0.000034 0.000034 0.000034 0.000034 0.000034 0.000034 0.000034 0.000034 0.000034 0.000034 0.000034 0.000034 0.000034 0.000034 0.000034 0.000034 0.000034 0.000034 0.000034 0.000034 0.998017
0.000034 0.000034 0.157964 0.000034 0.000034 0.000034 0.000034 0.098152 0.564550 0.000034 0.055141 0.010786 0.000034 0.000034 0.000034 0.000034 0.000034 0.000034 0.110921 0.000034 0.000706
0.000034 0.000034 0.000034 0.000034 0.000034 0.193582 0.000034 0.000034 0.000034 0.000034 0.000034 0.000034 0.000706 0.000034 0.000034 0.000034 0.001378 0.000034 0.000034 0.000034 0.802453
0.000034 0.000034 0.000034 0.000034 0.000034 0.000034 0.321942 0.000034 0.000034 0.000034 0.000034 0.413340 0.000034 0.000034 0.000034 0.000706 0.125706 0.136458 0.000034 0.000034 0.000034
0.000034 0.000034 0.000706 0.000034 0.000034 0.000034 0.996673 0.000034 0.000034 0.000034 0.000034 0.000034 0.000034 0.000034 0.000034 0.000034 0.000034 0.000034 0.000706 0.000034 0.000034
0.000034 0.066566 0.000034 0.048421 0.199630 0.000034 0.090087 0.157292 0.000034 0.000034 0.000034 0.000034 0.000034 0.001378 0.427453 0.000706 0.002050 0.002722 0.001378 0.000034 0.000706
0.000034 0.000034 0.142507 0.000034 0.000034 0.000034 0.000034 0.000034 0.000706 0.000034 0.000034 0.000034 0.000034 0.598824 0.000034 0.000034 0.000034 0.256082 0.000034 0.000034 0.000034
0.000034 0.065222 0.000034 0.077319 0.000034 0.000034 0.000034 0.000034 0.000034 0.000034 0.595464 0.000034 0.174765 0.000034 0.000034 0.000034 0.084039 0.000034 0.000706 0.000034 0.000034
0.000034 0.000034 0.000034 0.077991 0.520867 0.000034 0.000034 0.000034 0.000706 0.024227 0.000034 0.000034 0.348152 0.000034 0.000034 0.024899 0.000706 0.000706 0.000034 0.000034 0.000034
0.000034 0.000034 0.000034 0.328663 0.000034 0.000034 0.001378 0.000706 0.000034 0.002050 0.000034 0.000034 0.597480 0.000034 0.000034 0.000034 0.000706 0.065894 0.000034 0.000034 0.000706
0.000034 0.000706 0.000034 0.996001 0.000034 0.000034 0.000706 0.000034 0.000034 0.000034 0.000034 0.000034 0.000706 0.000034 0.000034 0.000034 0.000034 0.000034 0.000034 0.000034 0.000034
0.000034 0.001378 0.000034 0.000706 0.661996 0.000034 0.010114 0.016163 0.000034 0.000034 0.001378 0.000034 0.000034 0.000034 0.000034 0.001378 0.272883 0.032964 0.000034 0.000034 0.000034
0.000034 0.000034 0.000034 0.676109 0.000706 0.000034 0.069926 0.000034 0.023555 0.000034 0.000034 0.004066 0.214415 0.000034 0.000034 0.000034 0.010114 0.000034 0.000706 0.000034 0.000034
0.000034 0.022211 0.206351 0.000034 0.000034 0.143179 0.000034 0.467103 0.000034 0.000034 0.156620 0.000034 0.000034 0.000034 0.000034 0.000034 0.001378 0.000034 0.000034 0.000034 0.002050
0.000034 0.922077 0.000034 0.000034 0.000034 0.000034 0.000034 0.000034 0.000034 0.000034 0.000034 0.000034 0.000034 0.000034 0.000034 0.000034 0.000034 0.000034 0.077319 0.000034 0.000034
0.000034 0.000034 0.000034 0.000034 0.000034 0.000034 0.000034 0.899899 0.000034 0.000034 0.000034 0.000034 0.016163 0.002050 0.077991 0.000706 0.000034 0.000034 0.000034 0.000034 0.002722
0.000034 0.000034 0.000034 0.000034 0.000706 0.000034 0.000034 0.000034 0.000034 0.000034 0.000034 0.000034 0.000034 0.000034 0.000034 0.000034 0.000034 0.000034 0.000034 0.998017 0.000034
0.000034 0.000034 0.000034 0.000034 0.000034 0.000034 0.000034 0.000034 0.002722 0.276243 0.065894 0.000034 0.000034 0.000034 0.000034 0.000706 0.000034 0.653259 0.000034 0.000034 0.000034
0.000034 0.000034 0.000034 0.001378 0.997345 0.000034 0.000034 0.000034 0.000034 0.000034 0.000034 0.000034 0.000034 0.000034 0.000706 0.000034 0.000034 0.000034 0.000034 0.000034 0.000034
0.000034 0.996673 0.000034 0.000034 0.000706 0.000034 0.001378 0.000034 0.000034 0.000034 0.000034 0.000034 0.000034 0.000034 0.000034 0.000034 0.000034 0.000034 0.000034 0.000034 0.000034
0.000034 0.000034 0.000034 0.000034 0.000034 0.000034 0.000034 0.000706 0.000034 0.697614 0.000034 0.000034 0.000034 0.000034 0.076647 0.223824 0.000034 0.000034 0.000034 0.000034 0.000034
0.000034 0.000034 0.000034 0.000034 0.000034 0.000034 0.000034 0.000034 0.334039 0.000034 0.000034 0.664684 0.000034 0.000034 0.000034 0.000034 0.000034 0.000034 0.000034 0.000034 0.000034
0.000034 0.000034 0.000034 0.000034 0.000034 0.000706 0.000034 0.000034 0.000034 0.000034 0.762802 0.235249 0.000034 0.000034 0.000034 0.000034 0.000034 0.000034 0.000034 0.000034 0.000034
0.000034 0.000034 0.000034 0.000034 0.000034 0.000034 0.000034 0.000034 0.000034 0.000034 0.998017 0.000034 0.000034 0.000706 0.000034 0.000034 0.000034 0.000034 0.000034 0.000034 0.000034
0.000034 0.001378 0.000034 0.996673 0.000706 0.000034 0.000034 0.000034 0.000034 0.000034 0.000034 0.000034 0.000034 0.000034 0.000034 0.000034 0.000034 0.000034 0.000034 0.000034 0.000034
0.000034 0.000034 0.000034 0.000706 0.000034 0.000034 0.000034 0.000706 0.000034 0.000034 0.000034 0.000034 0.996673 0.000034 0.000034 0.000034 0.000034 0.000034 0.000034 0.000034 0.000706
0.000034 0.000034 0.000034 0.000034 0.000034 0.000034 0.000034 0.000034 0.996001 0.000034 0.000034 0.000706 0.000034 0.000034 0.000034 0.000034 0.000034 0.001378 0.000706 0.000034 0.000034
0.000034 0.000034 0.000034 0.000034 0.000034 0.000034 0.000034 0.085383 0.001378 0.000706 0.000034 0.000034 0.705007 0.000706 0.000034 0.000034 0.000706 0.077319 0.000034 0.000034 0.127050
0.000034 0.000034 0.000034 0.000034 0.000034 0.000034 0.000034 0.000034 0.000034 0.000034 0.111593 0.211727 0.000034 0.000706 0.000034 0.000034 0.000034 0.675437 0.000034 0.000034 0.000034
0.000034 0.001378 0.000034 0.000034 0.000034 0.000034 0.000034 0.000034 0.000706 0.000034 0.070598 0.000034 0.000034 0.854872 0.066566 0.000034 0.000706 0.000034 0.004738 0.000034 0.000034
0.000034 0.000034 0.000034 0.066566 0.598152 0.000034 0.000034 0.000034 0.000034 0.001378 0.000034 0.000034 0.254738 0.000034 0.000034 0.077319 0.000706 0.000034 0.000034 0.000034 0.000034
0.000034 0.000706 0.000034 0.000034 0.000034 0.000034 0.999362 0.000034 0.000034 0.000034 0.000034 0.000034 0.000034 0.000034 0.000034 0.000034 0.000034 0.000034 0.000034 0.000034 0.000034
0.000034 0.000034 0.000034 0.000034 0.000034 0.000034 0.000034 0.000034 0.598824 0.000034 0.323958 0.000034 0.000034 0.077319 0.000034 0.000034 0.000034 0.000034 0.000034 0.000034 0.000034
0.000034 0.000034 0.000034 0.000034 0.000034 0.000034 0.000034 0.000034 0.803797 0.000034 0.000706 0.000706 0.000034 0.000034 0.000034 0.000034 0.000034 0.000034 0.194254 0.000034 0.000034
0.000034 0.399899 0.000034 0.000034 0.000034 0.000034 0.000034 0.000034 0.000034 0.000034 0.000034 0.000034 0.000034 0.598824 0.000034 0.000034 0.000034 0.000034 0.001378 0.000034 0.000034
0.000034 0.351512 0.000034 0.000034 0.000034 0.000034 0.000034 0.000034 0.000034 0.000034 0.000034 0.000034 0.000034 0.000706 0.256082 0.000706 0.265491 0.125706 0.000034 0.000034 0.000034
0.000034 0.000034 0.000034 0.000034 0.000034 0.213071 0.000034 0.000034 0.000706 0.000034 0.553125 0.233233 0.000034 0.000034 0.000034 0.000034 0.000034 0.000034 0.000034 0.000034 0.000034
0.000034 0.000034 0.000706 0.000034 0.000034 0.597480 0.000034 0.000706 0.000034 0.000034 0.000034 0.000034 0.000034 0.000034 0.000034 0.000034 0.000034 0.000034 0.000034 0.000034 0.401243
0.000034 0.002050 0.000034 0.000706 0.548421 0.000034 0.207695 0.000706 0.000034 0.000034 0.000706 0.000034 0.000034 0.000034 0.171405 0.067910 0.000706 0.000034 0.000034 0.000034 0.000034
0.000034 0.000034 0.000034 0.000034 0.000034 0.000034 0.000034 0.000034 0.000034 0.000034 0.000034 0.000034 0.000034 1.000034 0.000034 0.000034 0.000034 0.000034 0.000034 0.000034 0.000034
0.000034 0.000034 0.000034 0.000034 1.000034 0.000034 0.000034 0.000034 0.000034 0.000034 0.000034 0.000034 0.000034 0.000034 0.000034 0.000034 0.000034 0.000034 0.000034 0.000034 0.000034
0.000034 0.067238 0.000034 0.000034 0.000034 0.000034 0.000034 0.000034 0.000034 0.000034 0.000034 0.000034 0.000034 0.000034 0.077319 0.855544 0.000034 0.000034 0.000034 0.000034 0.000034
0.000034 0.000034 0.000034 0.174093 0.807829 0.000034 0.007426 0.000034 0.000034 0.002050 0.000034 0.006082 0.000034 0.000034 0.001378 0.000034 0.000034 0.000034 0.000034 0.000034 0.000034
0.000034 0.000034 0.000034 0.000034 0.000034 0.000034 0.000034 0.000034 0.000034 0.995329 0.000034 0.000034 0.000706 0.000034 0.000034 0.003394 0.000034 0.000034 0.000034 0.000034 0.000034
0.000034 0.077319 0.000034 0.000034 0.000034 0.000034 0.000034 0.000034 0.003394 0.000034 0.000034 0.076647 0.002050 0.000034 0.000034 0.000034 0.350168 0.050437 0.438878 0.000034 0.000034
0.000034 0.416700 0.002722 0.198958 0.000706 0.092776 0.000034 0.000706 0.000034 0.000034 0.004738 0.000034 0.000034 0.072614 0.048421 0.000034 0.002722 0.001378 0.000034 0.000034 0.157292
0.000034 0.663340 0.000034 0.000034 0.077319 0.000034 0.001378 0.000034 0.000034 0.000034 0.000034 0.000034 0.000034 0.000706 0.000034 0.000034 0.001378 0.255410 0.000034 0.000034 0.000034
0.000034 0.000034 0.000034 0.000034 0.000034 0.000034 0.000034 0.000034 0.651243 0.000034 0.000706 0.256754 0.000034 0.000034 0.000034 0.000034 0.000034 0.001378 0.089415 0.000034 0.000034
0.000034 0.077991 0.000034 0.853528 0.067910 0.000034 0.000034 0.000034 0.000034 0.000034 0.000034 0.000034 0.000034 0.000034 0.000034 0.000034 0.000034 0.000034 0.000706 0.000034 0.000034
0.000034 0.000034 0.000034 0.000034 0.000034 0.000034 0.999362 0.000034 0.000034 0.000034 0.000034 0.000034 0.000034 0.000034 0.000034 0.000706 0.000034 0.000034 0.000034 0.000034 0.000034
0.000034 0.000034 0.000034 0.000034 0.921405 0.000034 0.000706 0.076647 0.000034 0.000034 0.000034 0.000034 0.000034 0.000034 0.000034 0.000034 0.000034 0.000034 0.000034 0.000034 0.000706
0.000034 0.000034 0.000706 0.000034 0.000034 0.200974 0.000034 0.000034 0.000034 0.000034 0.000034 0.000034 0.000034 0.000034 0.000034 0.000034 0.002050 0.000034 0.000034 0.000034 0.796405
0.000034 0.000034 0.000034 0.000034 0.000034 0.000034 0.000706 0.000034 0.000034 0.069254 0.000034 0.000034 0.000034 0.000034 0.000034 0.929469 0.000706 0.000034 0.000034 0.000034 0.000034
0.000034 0.000034 0.000034 0.000034 0.000034 0.000034 0.000034 0.000034 0.000034 0.000034 0.999362 0.000034 0.000034 0.000706 0.000034 0.000034 0.000034 0.000034 0.000034 0.000034 0.000034
0.000034 0.000706 0.000034 0.000034 0.000034 0.000034 0.000706 0.000034 0.000706 0.144523 0.000034 0.000034 0.006082 0.002050 0.000034 0.776243 0.000034 0.069254 0.000034 0.000034 0.000034
0.000034 0.000034 0.000034 0.000034 0.077319 0.000034 0.855544 0.000034 0.000034 0.000034 0.000034 0.000034 0.000034 0.000034 0.000034 0.000034 0.000034 0.066566 0.000034 0.000034 0.000034
0.000034 0.000034 0.000034 0.001378 0.996673 0.000034 0.000034 0.000034 0.000034 0.000034 0.000034 0.000034 0.000034 0.000034 0.000706 0.000034 0.000034 0.000034 0.000034 0.000034 0.000034
0.000034 0.401915 0.000034 0.000034 0.256754 0.000034 0.000034 0.000034 0.000034 0.077319 0.000034 0.000034 0.000034 0.002050 0.114953 0.000034 0.145867 0.000706 0.000034 0.000034 0.000034
0.000034 0.000034 0.000034 0.000034 0.000034 0.000034 0.000034 0.000034 0.000034 0.055141 0.000034 0.000034 0.000034 0.000034 0.000034 0.944254 0.000034 0.000034 0.000034 0.000034 0.000034
0.000034 0.000034 0.000034 0.000034 0.000706 0.000034 0.000034 0.000034 0.000034 0.996001 0.000034 0.000706 0.000034 0.000034 0.000034 0.000706 0.000034 0.001378 0.000034 0.000034 0.000034
0.000034 0.000034 0.000034 0.000034 0.000034 0.000034 0.000034 0.077319 0.000034 0.000034 0.000034 0.000034 0.230544 0.000034 0.000034 0.000034 0.000706 0.690894 0.000034 0.000034 0.000034
0.000034 0.000034 0.000034 0.000034 0.000034 0.997345 0.000034 0.000034 0.000034 0.000034 0.001378 0.000034 0.000034 0.000034 0.000034 0.000034 0.000034 0.000034 0.000034 0.000034 0.000706
0.000034 0.000034 0.000034 0.000034 0.000034 0.000034 0.000706 0.000034 0.000034 0.000034 0.243313 0.000034 0.000034 0.000034 0.000034 0.077319 0.000034 0.000034 0.678125 0.000034 0.000034
0.000034 0.000034 0.000034 0.195598 0.725840 0.000034 0.000034 0.076647 0.000034 0.000034 0.000034 0.000034 0.000034 0.000034 0.000034 0.000034 0.000034 0.000034 0.000034 0.000034 0.000706
0.000034 0.000034 0.000034 0.000034 0.000034 0.014819 0.000034 0.000034 0.000034 0.000034 0.984577 0.000034 0.000034 0.000034 0.000034 0.000034 0.000034 0.000034 0.000034 0.000034 0.000034
0.000034 0.000034 0.000034 0.000034 0.000034 0.000034 0.000034 0.000034 0.004738 0.000034 0.308501 0.684845 0.000034 0.000034 0.000034 0.000034 0.000034 0.000034 0.000706 0.000034 0.000034
0.000034 0.001378 0.000034 0.000034 0.000034 0.000034 0.000034 0.000034 0.000034 0.079335 0.000034 0.000034 0.000034 0.000034 0.000034 0.842776 0.000034 0.075974 0.000034 0.000034 0.000034
0.000034 0.000706 0.000034 0.000034 0.000034 0.000034 0.000706 0.065894 0.000034 0.000034 0.000034 0.000706 0.020195 0.000034 0.007426 0.664684 0.000034 0.239281 0.000034 0.000034 0.000034
0.000034 0.240625 0.077319 0.000034 0.000034 0.000034 0.681485 0.000034 0.000034 0.000034 0.000034 0.000034 0.000034 0.000034 0.000034 0.000034 0.000034 0.000034 0.000034 0.000034 0.000034
0.000034 0.000706 0.000034 0.997345 0.000034 0.000034 0.000034 0.000706 0.000034 0.000034 0.000034 0.000034 0.000034 0.000706 0.000034 0.000034 0.000034 0.000034 0.000034 0.000034 0.000034
0.000034 0.000034 0.000034 0.000034 0.000034 0.077319 0.000034 0.000034 0.000706 0.000034 0.920733 0.000706 0.000034 0.000034 0.000034 0.000034 0.000034 0.000034 0.000034 0.000034 0.000034
0.000034 0.000034 0.000034 0.000034 0.000034 0.000034 0.000034 0.000034 0.000034 0.000034 0.000034 0.000034 0.000034 0.920733 0.000706 0.000034 0.000034 0.077991 0.000034 0.000034 0.000034
0.000034 0.000034 0.000034 0.000034 0.000034 0.000034 0.000706 0.000034 0.000034 0.000034 0.000034 0.000034 0.000034 0.077319 0.000034 0.000034 0.000034 0.000034 0.921405 0.000034 0.000034
0.000034 0.000034 0.000034 0.000034 0.000034 0.000034 0.000034 0.000034 0.000034 0.000034 0.000034 0.000034 0.000034 0.000034 0.000034 0.000706 0.000706 0.000034 0.000034 0.996001 0.000706
0.000034 0.000034 0.000034 0.000034 0.000034 0.000034 0.000034 0.000034 0.000034 0.000034 0.998690 0.000034 0.000034 0.000034 0.000034 0.000034 0.000034 0.000034 0.000034 0.000034 0.000034
0.000034 0.741969 0.000034 0.000034 0.000034 0.000034 0.000706 0.000034 0.000034 0.000034 0.000034 0.000034 0.000034 0.000034 0.000034 0.000034 0.256082 0.000034 0.000034 0.000034 0.000034
0.000034 0.000034 0.000034 0.000034 0.000034 0.001378 0.000034 0.145867 0.000034 0.000034 0.000034 0.000034 0.000034 0.000034 0.000034 0.000034 0.000034 0.000034 0.000034 0.077319 0.774227
0.000034 0.000034 0.000034 0.000034 0.000706 0.000034 0.000034 0.077319 0.000034 0.776243 0.000034 0.000034 0.000034 0.000034 0.069254 0.075302 0.000034 0.000034 0.000034 0.000034 0.000034
0.000034 0.002050 0.000034 0.000034 0.000034 0.000034 0.001378 0.000034 0.000034 0.000034 0.000034 0.000034 0.000034 0.000034 0.000034 0.000034 0.000034 0.000034 0.994657 0.000706 0.000034
0.000034 0.995329 0.000034 0.000706 0.000034 0.000034 0.000034 0.000034 0.000034 0.000034 0.000034 0.000034 0.000034 0.001378 0.000034 0.000034 0.000706 0.000706 0.000034 0.000034 0.000034
0.000034 0.414012 0.000034 0.000034 0.000706 0.000034 0.000706 0.000034 0.000034 0.000034 0.000034 0.000034 0.000034 0.001378 0.000034 0.000034 0.575302 0.006082 0.000706 0.000034 0.000034
0.000034 0.272883 0.000034 0.000034 0.549765 0.000034 0.000706 0.000034 0.000034 0.000706 0.000034 0.000034 0.172749 0.000034 0.000034 0.000034 0.002050 0.000034 0.000034 0.000034 0.000034
0.000034 0.000034 0.000034 0.000034 0.000034 0.000034 0.921405 0.000034 0.000034 0.000034 0.000034 0.000034 0.000034 0.000034 0.000034 0.000034 0.000034 0.010114 0.067238 0.000034 0.000034
0.000034 0.003394 0.000034 0.000034 0.000034 0.202319 0.000034 0.008098 0.556485 0.000034 0.000706 0.000706 0.000034 0.001378 0.000034 0.000034 0.070598 0.002722 0.142507 0.000034 0.010114
0.000034 0.001378 0.004066 0.000034 0.000706 0.000034 0.000706 0.000034 0.001378 0.143179 0.001378 0.000034 0.203663 0.001378 0.288340 0.000034 0.286996 0.065894 0.000034 0.000034 0.000034
0.000034 0.000706 0.000034 0.000034 0.000034 0.000034 0.000034 0.000034 0.000034 0.000034 0.000034 0.000034 0.000034 0.000034 0.000034 0.000034 0.000034 0.000034 0.076647 0.000034 0.921405
0.000034 0.196270 0.000034 0.000034 0.000706 0.000034 0.000034 0.155948 0.000034 0.046405 0.006082 0.000706 0.004738 0.001378 0.016163 0.001378 0.202991 0.362937 0.001378 0.000034 0.001378
0.000034 0.000034 0.000034 0.948958 0.000034 0.000034 0.000034 0.000034 0.000034 0.000034 0.000034 0.000034 0.001378 0.000034 0.000034 0.000034 0.048421 0.000034 0.000034 0.000034 0.000034
0.000034 0.000034 0.000034 0.000034 0.000034 0.000034 0.000034 0.000034 0.000034 0.000034 0.000034 0.000034 0.000034 0.000034 0.000034 0.998017 0.000706 0.000034 0.000034 0.000034 0.000034
0.000034 0.000034 0.000034 0.000706 0.047749 0.000034 0.000034 0.000034 0.000706 0.293044 0.000034 0.000034 0.041700 0.000034 0.000034 0.566566 0.047749 0.000034 0.000034 0.000034 0.000034
0.000034 0.000034 0.000034 0.000034 0.000034 0.000034 0.000034 0.000034 0.000034 0.000034 0.000706 0.000034 0.000034 0.000034 0.000034 0.000034 0.000034 0.000034 0.000034 0.997345 0.000034
0.000034 0.000034 0.918044 0.000034 0.000034 0.000034 0.000034 0.000034 0.000034 0.000034 0.000034 0.000034 0.000034 0.000034 0.000034 0.000706 0.000034 0.077319 0.000034 0.000706 0.000706
0.000034 0.000034 0.000034 0.000034 0.000034 0.919388 0.000034 0.000034 0.000034 0.000034 0.000706 0.000034 0.000034 0.000034 0.000034 0.000034 0.000034 0.000034 0.000706 0.077319 0.000034
0.000034 0.001378 0.000034 0.852184 0.072614 0.000034 0.000706 0.000034 0.000034 0.000034 0.000034 0.000034 0.000034 0.000034 0.006082 0.000034 0.000034 0.064550 0.000706 0.000034 0.000034
0.000034 0.000034 0.000034 0.000034 0.000034 0.000034 0.997345 0.000034 0.000034 0.000034 0.000034 0.000034 0.000034 0.000034 0.000034 0.000706 0.000034 0.000034 0.000034 0.000034 0.000034
0.000034 0.001378 0.000034 0.000034 0.336727 0.000034 0.000034 0.000034 0.141163 0.000034 0.000034 0.002050 0.000034 0.317238 0.076647 0.000034 0.000706 0.073286 0.046405 0.000034 0.000034
0.000034 0.000034 0.000034 0.002050 0.075302 0.000034 0.000034 0.000034 0.000706 0.177453 0.000034 0.000034 0.000034 0.000034 0.001378 0.659980 0.000034 0.081351 0.000034 0.000034 0.000034
0.000034 0.015491 0.000034 0.000034 0.055813 0.000034 0.006082 0.000034 0.001378 0.000706 0.000034 0.000034 0.678797 0.000034 0.000034 0.000034 0.026915 0.212399 0.000706 0.000034 0.000034
0.000034 0.000034 0.000034 0.000706 0.000034 0.000034 0.000034 0.000034 0.000034 0.000034 0.000034 0.000034 0.996001 0.000034 0.000034 0.000034 0.001378 0.000034 0.000034 0.000034 0.000034
0.000034 0.101512 0.000034 0.000034 0.000034 0.000034 0.000034 0.000034 0.023555 0.000034 0.000034 0.000706 0.000034 0.000034 0.598152 0.000706 0.000034 0.270867 0.003394 0.000034 0.000034
0.000034 0.000034 0.000034 0.000034 0.000034 0.000706 0.000034 0.000034 0.720464 0.000034 0.000706 0.000034 0.000034 0.000034 0.000034 0.000034 0.000034 0.000034 0.276915 0.000034 0.000034
0.000034 0.000034 0.000034 0.077319 0.000034 0.000034 0.000034 0.000034 0.000034 0.000034 0.870329 0.051109 0.000034 0.000034 0.000034 0.000034 0.000034 0.000034 0.000034 0.000034 0.000034
0.000034 0.000034 0.000034 0.000034 0.987265 0.000034 0.010114 0.000034 0.000034 0.000034 0.000706 0.000034 0.000034 0.000034 0.000706 0.000034 0.000034 0.000034 0.000034 0.000034 0.000034
0.000034 0.071942 0.000034 0.321270 0.599496 0.000034 0.000034 0.000034 0.000034 0.000706 0.000034 0.000034 0.001378 0.004066 0.000034 0.000034 0.000034 0.000034 0.000034 0.000034 0.000034
0.000034 0.000034 0.000034 0.008098 0.000034 0.000034 0.002050 0.000034 0.000034 0.000034 0.000034 0.000034 0.900571 0.000034 0.000034 0.000034 0.087399 0.000706 0.000034 0.000034 0.000034
0.000034 0.000034 0.000034 0.000034 0.000034 0.000034 0.077319 0.000034 0.005410 0.000706 0.000706 0.426109 0.196942 0.000034 0.000034 0.000034 0.000034 0.057829 0.233905 0.000034 0.000034
0.000034 0.000706 0.000034 0.420733 0.508098 0.000034 0.001378 0.000034 0.000034 0.000034 0.000034 0.000034 0.000034 0.066566 0.001378 0.000034 0.000034 0.000034 0.000034 0.000034 0.000034
0.000034 0.065894 0.000034 0.000034 0.000706 0.000034 0.000034 0.000034 0.002050 0.000034 0.000034 0.000034 0.000034 0.000034 0.000034 0.000034 0.000034 0.000034 0.930141 0.000034 0.000034
0.000034 0.000034 0.000034 0.000034 0.920060 0.000034 0.000034 0.000034 0.000034 0.000034 0.000034 0.000034 0.000034 0.000034 0.000706 0.006082 0.000034 0.071270 0.000034 0.000034 0.000034
0.000034 0.000034 0.000034 0.000034 0.000034 0.077319 0.000034 0.000034 0.676109 0.000034 0.000034 0.000706 0.000034 0.000034 0.000034 0.000034 0.000034 0.000034 0.243985 0.000034 0.000034
0.000034 0.000034 0.000034 0.000034 0.000034 0.015491 0.000034 0.000034 0.158636 0.007426 0.000034 0.000706 0.000034 0.000034 0.000034 0.069926 0.000034 0.002722 0.077991 0.664684 0.000706
0.000034 0.000034 0.000034 0.000034 0.000034 0.000034 0.000034 0.000034 0.000034 0.000034 0.000034 0.000706 0.000034 0.004738 0.000034 0.000034 0.071270 0.921405 0.000034 0.000034 0.000034
0.000034 0.000034 0.000034 0.000034 0.001378 0.000034 0.000034 0.000034 0.000034 0.729872 0.000034 0.000034 0.000034 0.077319 0.000034 0.188878 0.000706 0.000034 0.000034 0.000034 0.000034
0.000034 0.000034 0.000706 0.000034 0.596808 0.000706 0.007426 0.043716 0.004066 0.000034 0.153931 0.056485 0.071270 0.000034 0.000034 0.000706 0.000034 0.039684 0.001378 0.000034 0.021539
0.000034 0.000034 0.000034 0.000034 0.000034 0.000034 0.997345 0.000034 0.000034 0.000034 0.000034 0.000034 0.000034 0.000034 0.000034 0.000706 0.000034 0.000034 0.000034 0.000034 0.000034
0.000034 0.071270 0.000034 0.018179 0.901243 0.000034 0.000034 0.000034 0.000034 0.000706 0.000034 0.000034 0.000034 0.000034 0.000034 0.000034 0.006754 0.000034 0.000034 0.000034 0.000034
0.000034 0.000034 0.000034 0.000034 0.077319 0.000034 0.001378 0.000034 0.000034 0.203663 0.000034 0.000034 0.000034 0.000034 0.000034 0.712399 0.000034 0.000706 0.000034 0.000034 0.000034
0.000034 0.000034 0.000034 0.000034 0.001378 0.000034 0.000034 0.000034 0.000706 0.845464 0.000034 0.000034 0.000034 0.000034 0.000034 0.150571 0.000034 0.000034 0.000034 0.000034 0.000034
0.000034 0.000034 0.000034 0.000034 0.001378 0.000034 0.000034 0.000034 0.225840 0.598152 0.000034 0.022211 0.003394 0.000034 0.000706 0.000034 0.000034 0.069254 0.077991 0.000034 0.000034
0.000034 0.000034 0.000706 0.000034 0.000034 0.000034 0.000034 0.000034 0.000706 0.000034 0.996673 0.000034 0.000034 0.000034 0.000034 0.000034 0.000034 0.000034 0.000034 0.000706 0.000034
0.000034 0.000034 0.000034 0.000706 0.000034 0.000034 0.000034 0.000034 0.000034 0.354200 0.000706 0.000034 0.000034 0.000034 0.006082 0.637130 0.000034 0.000034 0.000034 0.000034 0.000034
0.000034 0.000034 0.000034 0.000034 0.000034 0.000034 0.000034 0.000706 0.000034 0.000034 0.000034 0.000034 0.000034 0.997345 0.000034 0.000034 0.000706 0.000706 0.000034 0.000034 0.000034
0.000034 0.000034 0.000706 0.000034 0.000034 0.000034 0.000034 0.000034 0.002050 0.053797 0.000034 0.000034 0.000034 0.000034 0.000034 0.866297 0.000706 0.000034 0.075302 0.000706 0.000034
0.000034 0.000034 0.000706 0.000034 0.000034 0.000034 0.000034 0.000034 0.000034 0.000034 0.000034 0.000034 0.000034 0.000034 0.000034 0.000034 0.000034 0.000034 0.000034 0.998690 0.000034
0.000034 0.015491 0.000034 0.000034 0.000034 0.000034 0.000034 0.000034 0.135114 0.021539 0.680141 0.083367 0.000034 0.000706 0.000034 0.055813 0.000034 0.004738 0.002722 0.000034 0.000034
0.000034 0.000034 0.000034 0.996001 0.000706 0.000034 0.002050 0.000034 0.000034 0.000034 0.000034 0.000034 0.000034 0.000034 0.000034 0.000034 0.000034 0.000034 0.000034 0.000034 0.000706
0.000034 0.986593 0.006082 0.000034 0.000034 0.000034 0.000034 0.000034 0.000706 0.000034 0.000034 0.000034 0.000034 0.000706 0.000034 0.000034 0.004738 0.000034 0.000034 0.000034 0.000034
0.000034 0.000034 0.000034 0.000034 0.000706 0.000034 0.000034 0.000034 0.000034 0.001378 0.000034 0.000034 0.000034 0.000034 0.000034 0.996673 0.000034 0.000034 0.000034 0.000034 0.000034
0.000034 0.000034 0.000034 0.000034 0.000034 0.000034 0.000034 0.000034 0.190222 0.001378 0.000034 0.076647 0.000034 0.000034 0.000706 0.000034 0.000034 0.357560 0.373017 0.000034 0.000034
0.000034 0.000034 0.083367 0.000034 0.000034 0.076647 0.000034 0.000034 0.000706 0.000034 0.000034 0.000034 0.000034 0.000034 0.000034 0.000034 0.000034 0.000034 0.000034 0.000034 0.838743
0.000034 0.124362 0.016163 0.000034 0.000034 0.000034 0.000034 0.000034 0.000034 0.012802 0.000706 0.000034 0.000034 0.000034 0.000034 0.064550 0.780948 0.000034 0.000034 0.000034 0.000034
0.000034 0.000034 0.000034 0.920060 0.077991 0.000034 0.000034 0.000034 0.000034 0.000034 0.000034 0.000034 0.001378 0.000034 0.000034 0.000034 0.000034 0.000034 0.000034 0.000034 0.000034
0.000034 0.000034 0.000034 0.000034 0.000034 0.000034 0.077319 0.307157 0.000034 0.000034 0.000034 0.000034 0.000034 0.598824 0.000034 0.000034 0.000034 0.000034 0.000034 0.000034 0.016163
0.000034 0.067238 0.000034 0.000034 0.000034 0.000034 0.000034 0.000706 0.000706 0.000034 0.546405 0.042372 0.000034 0.000034 0.258770 0.077319 0.000034 0.000034 0.006082 0.000034 0.000034
0.000034 0.891163 0.000034 0.077319 0.000034 0.000034 0.000706 0.000034 0.000034 0.000034 0.000034 0.000034 0.000034 0.000034 0.000034 0.000034 0.027587 0.002050 0.000034 0.000034 0.000034
0.000034 0.000034 0.000034 0.000034 0.000034 0.000034 0.000034 0.000034 0.067238 0.000034 0.921405 0.000706 0.000034 0.000706 0.000034 0.000034 0.000034 0.000034 0.009442 0.000034 0.000034
0.000706 0.004066 0.000034 0.000034 0.000034 0.000034 0.001378 0.000034 0.000034 0.736593 0.000034 0.000034 0.000034 0.000034 0.000706 0.256082 0.000034 0.000034 0.000034 0.000034 0.000034
0.000706 0.132426 0.000034 0.059845 0.613609 0.000034 0.001378 0.000034 0.000034 0.000034 0.002050 0.000034 0.000706 0.000034 0.000034 0.000034 0.105544 0.000034 0.000706 0.082695 0.000034
0.000706 0.000034 0.000034 0.000034 0.000034 0.996673 0.000034 0.000034 0.000034 0.000706 0.000706 0.000034 0.000034 0.000034 0.000034 0.000034 0.000034 0.000034 0.000034 0.000034 0.000706
0.000034 0.000034 0.000034 0.000034 0.000034 0.000034 0.000034 0.000034 0.012802 0.922077 0.002050 0.000034 0.000034 0.000034 0.000034 0.000034 0.000034 0.000034 0.062534 0.000034 0.000034
0.000034 0.065222 0.000034 0.372345 0.549093 0.000034 0.000706 0.000034 0.000034 0.000034 0.006082 0.000034 0.000034 0.000034 0.004066 0.000034 0.001378 0.000034 0.000706 0.000034 0.000034
0.000034 0.000034 0.000034 0.000034 0.000034 0.922077 0.000034 0.000034 0.000034 0.000034 0.000034 0.000034 0.000034 0.000034 0.000034 0.000034 0.000034 0.000034 0.000034 0.000034 0.077319
0.000034 0.994657 0.000034 0.000034 0.000034 0.000034 0.001378 0.000034 0.000034 0.000034 0.000034 0.000034 0.000034 0.001378 0.000034 0.000034 0.000706 0.000034 0.000706 0.000034 0.000034
0.000034 0.714415 0.000034 0.000034 0.000034 0.000034 0.000034 0.000034 0.000034 0.000034 0.000034 0.000034 0.000034 0.001378 0.000034 0.000034 0.282292 0.000706 0.000034 0.000034 0.000034
0.000034 0.000706 0.000034 0.000034 0.000034 0.000034 0.997345 0.000034 0.000034 0.000706 0.000034 0.000034 0.000034 0.000034 0.000034 0.000034 0.000034 0.000034 0.000034 0.000034 0.000034
0.000034 0.000034 0.000034 0.000034 0.000034 0.000034 0.000034 0.000034 0.000034 0.319254 0.000034 0.000034 0.000034 0.000034 0.000034 0.678125 0.000034 0.000034 0.000034 0.000034 0.000034
0.000034 0.000034 0.000034 0.000034 0.000034 0.000034 0.000034 0.000034 0.000706 0.395195 0.000034 0.000034 0.000034 0.000034 0.000034 0.601512 0.000034 0.000034 0.000034 0.000034 0.000034
