2.050 95.050 0.050 0.050 0.050 0.050 0.050 1.050 0.050 0.050 0.050 0.050 0.050 0.050 1352.050 1.050 0.050 0.050 20.050 0.050 0.050
2.050 380.050 0.050 0.050 115.050 0.050 465.050 0.050 0.050 0.050 0.050 0.050 0.050 0.050 0.050 0.050 3.050 499.050 0.050 0.050 0.050
2.050 0.050 0.050 75.050 668.050 0.050 5.050 0.050 0.050 433.050 0.050 0.050 211.050 0.050 0.050 75.050 3.050 0.050 0.050 0.050 0.050
2.050 504.050 0.050 0.050 1.050 0.050 0.050 0.050 0.050 296.050 0.050 0.050 1.050 0.050 0.050 532.050 113.050 12.050 8.050 0.050 0.050
2.050 0.050 0.050 0.050 329.050 0.050 6.050 0.050 68.050 0.050 0.050 234.050 10.050 0.050 83.050 116.050 583.050 32.050 6.050 0.050 0.050
2.050 0.050 0.050 201.050 263.050 0.050 71.050 0.050 284.050 1.050 2.050 1.050 0.050 326.050 305.050 0.050 2.050 2.050 9.050 0.050 1.050
2.050 0.050 0.050 219.050 1146.050 0.050 1.050 0.050 0.050 0.050 0.050 0.050 98.050 0.050 1.050 0.050 3.050 0.050 0.050 0.050 0.050
2.050 29.050 0.050 290.050 1.050 1.050 0.050 0.050 210.050 0.050 2.050 0.050 5.050 788.050 0.050 0.050 3.050 3.050 136.050 0.050 0.050
2.050 2.050 0.050 72.050 0.050 0.050 0.050 0.050 3.050 0.050 319.050 0.050 296.050 430.050 52.050 0.050 0.050 211.050 83.050 0.050 0.050
2.050 324.050 0.050 52.050 178.050 0.050 0.050 0.050 0.050 0.050 2.050 0.050 0.050 812.050 0.050 0.050 14.050 3.050 7.050 0.050 72.050
2.050 145.050 83.050 12.050 877.050 0.050 229.050 0.050 3.050 0.050 0.050 0.050 0.050 0.050 0.050 0.050 0.050 0.050 118.050 0.050 0.050
2.050 0.050 0.050 0.050 0.050 317.050 0.050 0.050 635.050 0.050 215.050 0.050 0.050 0.050 15.050 0.050 6.050 12.050 122.050 0.050 147.050
2.050 1.050 0.050 77.050 1130.050 0.050 116.050 0.050 0.050 0.050 0.050 0.050 67.050 0.050 0.050 0.050 0.050 79.050 0.050 0.050 0.050
2.050 35.050 0.050 592.050 313.050 0.050 7.050 0.050 1.050 0.050 0.050 2.050 5.050 407.050 0.050 0.050 4.050 104.050 2.050 0.050 0.050
2.050 1.050 0.050 409.050 775.050 0.050 110.050 1.050 0.050 3.050 0.050 0.050 54.050 0.050 0.050 4.050 112.050 3.050 0.050 0.050 0.050
2.050 1.050 0.050 0.050 0.050 1.050 0.050 0.050 365.050 0.050 0.050 682.050 0.050 0.050 0.050 1.050 0.050 1.050 307.050 115.050 0.050
2.050 1.050 0.050 0.050 0.050 887.050 0.050 0.050 0.050 0.050 468.050 10.050 0.050 0.050 0.050 0.050 0.050 104.050 1.050 0.050 0.050
2.050 75.050 0.050 0.050 0.050 0.050 1.050 0.050 0.050 419.050 0.050 0.050 0.050 0.050 0.050 940.050 40.050 0.050 0.050 0.050 0.050
2.050 0.050 0.050 0.050 0.050 0.050 0.050 0.050 0.050 1482.050 0.050 0.050 0.050 0.050 0.050 1.050 0.050 0.050 0.050 0.050 0.050
2.050 0.050 0.050 0.050 0.050 0.050 115.050 0.050 0.050 611.050 0.050 0.050 0.050 0.050 0.050 757.050 0.050 0.050 0.050 0.050 0.050
3.050 0.050 0.050 0.050 0.050 0.050 0.050 0.050 0.050 36.050 0.050 0.050 519.050 0.050 562.050 361.050 6.050 0.050 0.050 0.050 0.050
2.050 0.050 0.050 0.050 0.050 0.050 0.050 0.050 345.050 0.050 1059.050 78.050 0.050 0.050 0.050 0.050 0.050 1.050 2.050 0.050 0.050
0.050 1.050 0.050 0.050 0.050 0.050 0.050 0.050 2.050 0.050 0.050 0.050 0.050 0.050 0.050 0.050 5.050 1479.050 0.050 0.050 0.050
0.050 1.050 0.050 0.050 0.050 0.050 0.050 0.050 882.050 0.050 1.050 1.050 0.050 0.050 0.050 0.050 0.050 2.050 600.050 0.050 0.050
0.050 0.050 0.050 0.050 0.050 0.050 0.050 0.050 0.050 0.050 596.050 891.050 0.050 0.050 0.050 0.050 0.050 0.050 0.050 0.050 0.050
0.050 0.050 0.050 1462.050 24.050 0.050 0.050 0.050 0.050 0.050 0.050 0.050 0.050 0.050 0.050 0.050 0.050 0.050 1.050 0.050 0.050
0.050 0.050 0.050 0.050 0.050 3.050 0.050 0.050 0.050 0.050 1369.050 115.050 0.050 0.050 0.050 0.050 0.050 0.050 0.050 0.050 0.050
0.050 0.050 0.050 0.050 0.050 0.050 0.050 1485.050 0.050 0.050 0.050 0.050 0.050 1.050 1.050 0.050 0.050 0.050 0.050 0.050 1.050
0.050 1.050 0.050 0.050 0.050 0.050 0.050 0.050 0.050 0.050 0.050 0.050 0.050 1487.050 0.050 0.050 0.050 0.050 0.050 0.050 0.050
0.050 0.050 0.050 0.050 0.050 0.050 1488.050 0.050 0.050 0.050 0.050 0.050 0.050 0.050 0.050 0.050 0.050 0.050 0.050 0.050 0.050
0.050 765.050 0.050 0.050 0.050 0.050 0.050 0.050 0.050 0.050 0.050 0.050 0.050 0.050 0.050 0.050 723.050 0.050 0.050 0.050 0.050
0.050 0.050 0.050 0.050 0.050 0.050 1488.050 0.050 0.050 0.050 0.050 0.050 0.050 0.050 0.050 0.050 0.050 0.050 0.050 0.050 0.050
0.050 0.050 0.050 0.050 0.050 0.050 0.050 0.050 0.050 1488.050 0.050 0.050 0.050 0.050 0.050 0.050 0.050 0.050 0.050 0.050 0.050
0.050 0.050 0.050 0.050 0.050 0.050 0.050 0.050 0.050 1.050 0.050 0.050 0.050 1.050 0.050 0.050 0.050 1486.050 0.050 0.050 0.050
0.050 0.050 0.050 0.050 0.050 0.050 0.050 115.050 0.050 372.050 0.050 0.050 0.050 0.050 0.050 1001.050 0.050 0.050 0.050 0.050 0.050
0.050 0.050 0.050 0.050 0.050 0.050 0.050 0.050 0.050 365.050 0.050 0.050 0.050 0.050 0.050 1123.050 0.050 0.050 0.050 0.050 0.050
0.050 0.050 0.050 1.050 0.050 0.050 0.050 0.050 429.050 0.050 0.050 0.050 0.050 0.050 0.050 0.050 1.050 1.050 239.050 0.050 817.050
0.050 0.050 0.050 0.050 0.050 0.050 0.050 0.050 0.050 0.050 1488.050 0.050 0.050 0.050 0.050 0.050 0.050 0.050 0.050 0.050 0.050
0.050 0.050 0.050 0.050 0.050 0.050 0.050 0.050 0.050 0.050 0.050 0.050 0.050 1488.050 0.050 0.050 0.050 0.050 0.050 0.050 0.050
0.050 814.050 0.050 0.050 215.050 0.050 0.050 0.050 0.050 0.050 0.050 0.050 0.050 0.050 382.050 0.050 73.050 3.050 1.050 0.050 0.050
0.050 0.050 0.050 0.050 0.050 0.050 0.050 0.050 1368.050 0.050 116.050 2.050 0.050 0.050 0.050 0.050 0.050 1.050 1.050 0.050 0.050
0.050 0.050 0.050 0.050 0.050 0.050 0.050 0.050 498.050 0.050 2.050 0.050 0.050 0.050 0.050 0.050 0.050 1.050 987.050 0.050 0.050
0.050 0.050 0.050 0.050 0.050 0.050 0.050 1.050 0.050 370.050 0.050 0.050 0.050 0.050 0.050 1116.050 0.050 0.050 0.050 0.050 0.050
0.050 1.050 0.050 147.050 1229.050 0.050 2.050 0.050 0.050 0.050 0.050 0.050 0.050 0.050 109.050 0.050 0.050 0.050 0.050 0.050 0.050
0.050 1346.050 138.050 0.050 0.050 0.050 0.050 0.050 0.050 0.050 0.050 0.050 0.050 1.050 0.050 0.050 3.050 0.050 0.050 0.050 0.050
0.050 9.050 0.050 0.050 0.050 0.050 0.050 0.050 1389.050 0.050 72.050 7.050 0.050 0.050 0.050 0.050 0.050 8.050 3.050 0.050 0.050
0.050 1.050 0.050 105.050 2.050 0.050 0.050 0.050 0.050 973.050 0.050 0.050 244.050 0.050 146.050 14.050 1.050 2.050 0.050 0.050 0.050
0.050 4.050 0.050 0.050 0.050 0.050 0.050 0.050 0.050 79.050 0.050 0.050 0.050 0.050 83.050 1240.050 0.050 82.050 0.050 0.050 0.050
0.050 0.050 0.050 0.050 0.050 0.050 306.050 1.050 0.050 294.050 0.050 0.050 2.050 0.050 0.050 883.050 0.050 0.050 0.050 0.050 0.050
0.050 0.050 0.050 0.050 0.050 0.050 0.050 0.050 0.050 0.050 1464.050 22.050 0.050 0.050 0.050 0.050 0.050 0.050 2.050 0.050 0.050
0.050 0.050 0.050 0.050 0.050 0.050 0.050 0.050 0.050 2.050 0.050 0.050 0.050 0.050 0.050 1485.050 1.050 0.050 0.050 0.050 0.050
0.050 0.050 0.050 0.050 0.050 0.050 0.050 0.050 0.050 0.050 0.050 0.050 0.050 1.050 0.050 0.050 0.050 1487.050 0.050 0.050 0.050
0.050 380.050 0.050 0.050 0.050 0.050 0.050 0.050 0.050 0.050 1000.050 0.050 0.050 0.050 0.050 0.050 0.050 0.050 107.050 0.050 0.050
0.050 0.050 0.050 0.050 0.050 0.050 0.050 0.050 969.050 0.050 0.050 0.050 0.050 0.050 0.050 0.050 0.050 0.050 519.050 0.050 0.050
0.050 0.050 0.050 0.050 0.050 0.050 0.050 0.050 0.050 0.050 1488.050 0.050 0.050 0.050 0.050 0.050 0.050 0.050 0.050 0.050 0.050
0.050 1487.050 0.050 1.050 0.050 0.050 0.050 0.050 0.050 0.050 0.050 0.050 0.050 0.050 0.050 0.050 0.050 0.050 0.050 0.050 0.050
0.050 0.050 0.050 0.050 0.050 0.050 0.050 0.050 0.050 0.050 0.050 0.050 0.050 1488.050 0.050 0.050 0.050 0.050 0.050 0.050 0.050
0.050 0.050 0.050 0.050 0.050 0.050 0.050 0.050 0.050 0.050 0.050 0.050 0.050 1.050 0.050 0.050 0.050 1487.050 0.050 0.050 0.050
0.050 0.050 0.050 0.050 0.050 0.050 0.050 0.050 0.050 1.050 0.050 0.050 0.050 1.050 0.050 1486.050 0.050 0.050 0.050 0.050 0.050
0.050 1.050 0.050 0.050 0.050 0.050 0.050 0.050 0.050 0.050 0.050 0.050 0.050 0.050 0.050 0.050 0.050 0.050 1486.050 0.050 0.050
0.050 0.050 0.050 0.050 1.050 0.050 1.050 0.050 0.050 0.050 0.050 0.050 0.050 0.050 0.050 0.050 0.050 0.050 1485.050 0.050 0.050
0.050 1370.050 0.050 0.050 0.050 0.050 0.050 0.050 0.050 0.050 115.050 0.050 0.050 1.050 0.050 1.050 0.050 1.050 0.050 0.050 0.050
0.050 1038.050 24.050 0.050 0.050 0.050 0.050 0.050 0.050 113.050 0.050 0.050 0.050 0.050 0.050 2.050 310.050 0.050 1.050 0.050 0.050
0.050 0.050 0.050 0.050 1486.050 0.050 0.050 0.050 0.050 1.050 0.050 0.050 0.050 0.050 0.050 0.050 0.050 0.050 0.050 0.050 1.050
0.050 0.050 0.050 0.050 0.050 0.050 0.050 0.050 24.050 0.050 0.050 1462.050 0.050 0.050 0.050 0.050 1.050 1.050 0.050 0.050 0.050
0.050 669.050 0.050 0.050 799.050 1.050 0.050 0.050 0.050 0.050 0.050 0.050 0.050 0.050 0.050 1.050 18.050 0.050 0.050 0.050 0.050
0.050 0.050 0.050 2.050 1364.050 0.050 0.050 0.050 0.050 11.050 0.050 0.050 0.050 0.050 0.050 105.050 0.050 0.050 0.050 1.050 0.050
0.050 1480.050 0.050 1.050 0.050 0.050 0.050 0.050 0.050 0.050 0.050 0.050 0.050 1.050 0.050 0.050 1.050 0.050 5.050 0.050 0.050
0.050 0.050 0.050 0.050 0.050 0.050 0.050 0.050 0.050 0.050 1487.050 1.050 0.050 0.050 0.050 0.050 0.050 0.050 0.050 0.050 0.050
0.050 9.050 0.050 0.050 0.050 0.050 1.050 0.050 1.050 584.050 0.050 0.050 89.050 0.050 6.050 786.050 10.050 1.050 0.050 1.050 0.050
0.050 0.050 0.050 0.050 1.050 0.050 1486.050 0.050 0.050 0.050 0.050 0.050 0.050 1.050 0.050 0.050 0.050 0.050 0.050 0.050 0.050
0.050 0.050 0.050 0.050 0.050 1.050 0.050 0.050 7.050 115.050 1063.050 297.050 0.050 0.050 0.050 0.050 1.050 0.050 4.050 0.050 0.050
0.050 1.050 0.050 0.050 0.050 0.050 0.050 0.050 0.050 9.050 0.050 0.050 2.050 1367.050 0.050 104.050 1.050 0.050 1.050 0.050 0.050
0.050 1.050 0.050 0.050 0.050 0.050 0.050 0.050 1147.050 0.050 0.050 0.050 0.050 0.050 0.050 0.050 0.050 0.050 340.050 0.050 0.050
0.050 0.050 0.050 0.050 0.050 0.050 0.050 0.050 0.050 9.050 0.050 1.050 0.050 0.050 0.050 1478.050 0.050 0.050 0.050 0.050 0.050
0.050 0.050 0.050 0.050 0.050 114.050 0.050 1.050 0.050 0.050 0.050 0.050 1.050 0.050 0.050 0.050 0.050 1.050 0.050 0.050 1371.050
0.050 0.050 0.050 0.050 0.050 0.050 0.050 117.050 0.050 0.050 65.050 99.050 0.050 0.050 1205.050 0.050 0.050 0.050 0.050 0.050 0.050
0.050 0.050 0.050 0.050 1.050 0.050 0.050 0.050 0.050 0.050 0.050 0.050 0.050 0.050 0.050 0.050 115.050 1370.050 0.050 0.050 0.050
0.050 6.050 0.050 0.050 0.050 0.050 0.050 0.050 0.050 0.050 0.050 0.050 0.050 535.050 0.050 0.050 321.050 626.050 0.050 0.050 0.050
0.050 1483.050 0.050 1.050 0.050 0.050 0.050 0.050 0.050 0.050 0.050 0.050 0.050 0.050 0.050 0.050 0.050 0.050 3.050 0.050 0.050
0.050 2.050 0.050 0.050 0.050 0.050 0.050 0.050 303.050 0.050 0.050 0.050 0.050 0.050 0.050 0.050 1.050 210.050 971.050 0.050 0.050
0.050 14.050 0.050 6.050 10.050 0.050 53.050 18.050 0.050 663.050 2.050 0.050 132.050 182.050 90.050 247.050 47.050 18.050 0.050 0.050 0.050
0.050 266.050 0.050 95.050 5.050 0.050 12.050 0.050 0.050 0.050 0.050 0.050 28.050 1.050 0.050 358.050 586.050 35.050 100.050 0.050 0.050
0.050 4.050 0.050 2.050 1261.050 0.050 0.050 3.050 0.050 0.050 0.050 0.050 0.050 0.050 107.050 0.050 7.050 99.050 4.050 0.050 0.050
0.050 0.050 0.050 0.050 0.050 0.050 0.050 1370.050 0.050 0.050 0.050 0.050 0.050 0.050 98.050 0.050 15.050 1.050 0.050 0.050 3.050
0.050 24.050 1.050 0.050 0.050 0.050 1.050 0.050 0.050 0.050 0.050 3.050 204.050 0.050 107.050 0.050 169.050 904.050 71.050 0.050 0.050
0.050 9.050 0.050 0.050 0.050 0.050 1469.050 0.050 0.050 0.050 2.050 0.050 2.050 0.050 0.050 0.050 4.050 0.050 0.050 0.050 0.050
0.050 0.050 0.050 0.050 0.050 0.050 114.050 0.050 0.050 237.050 0.050 0.050 346.050 0.050 0.050 653.050 2.050 131.050 0.050 0.050 1.050
0.050 105.050 0.050 1.050 1368.050 0.050 0.050 0.050 0.050 0.050 0.050 0.050 0.050 0.050 0.050 0.050 11.050 0.050 0.050 0.050 0.050
0.050 0.050 0.050 0.050 0.050 0.050 0.050 0.050 1477.050 0.050 0.050 0.050 0.050 0.050 0.050 0.050 0.050 0.050 9.050 0.050 0.050
0.050 2.050 0.050 0.050 0.050 0.050 0.050 0.050 7.050 0.050 0.050 0.050 0.050 0.050 0.050 0.050 0.050 0.050 1476.050 0.050 0.050
0.050 1.050 0.050 1482.050 1.050 0.050 0.050 0.050 0.050 0.050 0.050 0.050 1.050 0.050 0.050 0.050 0.050 0.050 1.050 0.050 0.050
0.050 0.050 1.050 0.050 0.050 0.050 0.050 0.050 1.050 0.050 988.050 0.050 0.050 0.050 0.050 0.050 0.050 0.050 495.050 0.050 0.050
0.050 0.050 0.050 0.050 0.050 0.050 0.050 0.050 1.050 0.050 0.050 1485.050 0.050 0.050 0.050 0.050 0.050 0.050 0.050 0.050 0.050
0.050 0.050 1484.050 0.050 0.050 0.050 1.050 0.050 0.050 0.050 0.050 0.050 0.050 0.050 0.050 1.050 0.050 0.050 0.050 0.050 0.050
0.050 0.050 0.050 0.050 0.050 0.050 0.050 1484.050 0.050 0.050 0.050 0.050 0.050 0.050 0.050 1.050 0.050 0.050 0.050 0.050 0.050
0.050 1483.050 0.050 0.050 0.050 0.050 0.050 0.050 0.050 0.050 0.050 0.050 0.050 2.050 0.050 0.050 0.050 2.050 0.050 0.050 0.050
1.050 0.050 0.050 0.050 0.050 0.050 0.050 0.050 0.050 0.050 0.050 0.050 1.050 2.050 0.050 0.050 0.050 1483.050 0.050 0.050 0.050
0.050 0.050 0.050 0.050 0.050 988.050 0.050 0.050 0.050 0.050 383.050 0.050 0.050 0.050 0.050 0.050 1.050 0.050 0.050 0.050 115.050
0.050 0.050 0.050 0.050 0.050 0.050 0.050 0.050 1.050 0.050 0.050 0.050 0.050 0.050 0.050 0.050 0.050 1371.050 115.050 0.050 0.050
0.050 3.050 0.050 0.050 0.050 0.050 0.050 367.050 3.050 0.050 0.050 815.050 105.050 0.050 24.050 0.050 100.050 70.050 0.050 0.050 0.050
0.050 0.050 0.050 0.050 0.050 0.050 2.050 0.050 0.050 25.050 0.050 0.050 1.050 0.050 0.050 1458.050 0.050 0.050 0.050 0.050 0.050
0.050 0.050 0.050 0.050 0.050 0.050 0.050 0.050 0.050 0.050 1370.050 0.050 0.050 2.050 0.050 115.050 0.050 0.050 0.050 0.050 0.050
0.050 0.050 0.050 0.050 0.050 0.050 0.050 0.050 0.050 0.050 1130.050 356.050 0.050 0.050 0.050 0.050 0.050 1.050 0.050 0.050 0.050
0.050 1.050 0.050 0.050 0.050 0.050 0.050 0.050 0.050 0.050 116.050 0.050 0.050 0.050 99.050 0.050 1247.050 24.050 0.050 0.050 0.050
0.050 0.050 0.050 0.050 0.050 0.050 0.050 0.050 0.050 0.050 2.050 0.050 0.050 1410.050 0.050 0.050 75.050 0.050 0.050 0.050 0.050
0.050 1.050 0.050 0.050 0.050 0.050 2.050 235.050 174.050 0.050 38.050 0.050 83.050 0.050 115.050 0.050 0.050 98.050 741.050 0.050 0.050
0.050 0.050 0.050 0.050 0.050 0.050 115.050 0.050 0.050 1.050 0.050 0.050 0.050 0.050 0.050 1371.050 0.050 0.050 0.050 0.050 0.050
0.050 1.050 0.050 0.050 0.050 0.050 1.050 0.050 1.050 2.050 0.050 0.050 0.050 0.050 0.050 113.050 0.050 0.050 1369.050 0.050 0.050
0.050 0.050 0.050 0.050 0.050 0.050 0.050 0.050 0.050 0.050 0.050 0.050 0.050 1369.050 116.050 0.050 2.050 0.050 0.050 0.050 0.050
0.050 0.050 0.050 0.050 0.050 0.050 0.050 3.050 0.050 0.050 0.050 0.050 1482.050 0.050 0.050 0.050 1.050 1.050 0.050 0.050 0.050
0.050 0.050 0.050 1.050 0.050 0.050 0.050 0.050 0.050 0.050 0.050 0.050 0.050 0.050 0.050 0.050 0.050 0.050 0.050 115.050 1367.050
0.050 0.050 0.050 0.050 115.050 0.050 0.050 0.050 0.050 0.050 0.050 0.050 1347.050 0.050 24.050 0.050 0.050 0.050 0.050 0.050 0.050
0.050 0.050 0.050 0.050 0.050 0.050 0.050 0.050 0.050 0.050 1042.050 306.050 0.050 0.050 0.050 0.050 0.050 0.050 139.050 0.050 0.050
0.050 115.050 0.050 0.050 0.050 357.050 0.050 0.050 878.050 0.050 0.050 0.050 5.050 0.050 0.050 0.050 0.050 1.050 11.050 0.050 120.050
0.050 0.050 0.050 0.050 0.050 0.050 0.050 0.050 1064.050 0.050 0.050 0.050 0.050 0.050 0.050 0.050 0.050 1.050 423.050 0.050 0.050
0.050 0.050 0.050 0.050 0.050 0.050 0.050 0.050 1.050 0.050 0.050 1485.050 0.050 0.050 0.050 0.050 0.050 1.050 1.050 0.050 0.050
0.050 0.050 0.050 1488.050 0.050 0.050 0.050 0.050 0.050 0.050 0.050 0.050 0.050 0.050 0.050 0.050 0.050 0.050 0.050 0.050 0.050
0.050 0.050 0.050 0.050 1488.050 0.050 0.050 0.050 0.050 0.050 0.050 0.050 0.050 0.050 0.050 0.050 0.050 0.050 0.050 0.050 0.050
0.050 1488.050 0.050 0.050 0.050 0.050 0.050 0.050 0.050 0.050 0.050 0.050 0.050 0.050 0.050 0.050 0.050 0.050 0.050 0.050 0.050
0.050 0.050 0.050 0.050 0.050 0.050 0.050 1488.050 0.050 0.050 0.050 0.050 0.050 0.050 0.050 0.050 0.050 0.050 0.050 0.050 0.050
0.050 0.050 0.050 0.050 0.050 1372.050 0.050 0.050 0.050 0.050 1.050 0.050 0.050 0.050 0.050 0.050 0.050 0.050 0.050 115.050 0.050
0.050 0.050 0.050 0.050 0.050 0.050 0.050 0.050 25.050 0.050 0.050 0.050 0.050 0.050 1.050 0.050 1.050 1461.050 0.050 0.050 0.050
0.050 0.050 0.050 1487.050 0.050 0.050 0.050 0.050 0.050 0.050 0.050 0.050 0.050 0.050 0.050 0.050 0.050 0.050 1.050 0.050 0.050
0.050 0.050 0.050 0.050 0.050 0.050 0.050 0.050 0.050 0.050 1.050 0.050 0.050 1487.050 0.050 0.050 0.050 0.050 0.050 0.050 0.050
0.050 1023.050 10.050 0.050 0.050 1.050 0.050 113.050 0.050 0.050 0.050 0.050 0.050 0.050 0.050 0.050 337.050 0.050 0.050 0.050 3.050
0.050 0.050 0.050 0.050 0.050 0.050 1.050 0.050 1.050 0.050 0.050 0.050 2.050 0.050 0.050 2.050 1482.050 0.050 0.050 0.050 0.050
0.050 0.050 0.050 0.050 0.050 0.050 0.050 0.050 1412.050 0.050 1.050 0.050 0.050 0.050 0.050 0.050 0.050 1.050 71.050 0.050 0.050
0.050 1484.050 0.050 0.050 0.050 0.050 1.050 0.050 0.050 0.050 0.050 0.050 0.050 1.050 0.050 0.050 0.050 0.050 0.050 0.050 0.050
0.050 1483.050 0.050 0.050 0.050 0.050 1.050 0.050 0.050 0.050 0.050 0.050 0.050 0.050 0.050 1.050 0.050 0.050 0.050 0.050 0.050
0.050 0.050 0.050 0.050 0.050 0.050 1.050 0.050 1.050 0.050 0.050 0.050 0.050 0.050 0.050 1484.050 0.050 0.050 0.050 0.050 0.050
0.050 0.050 0.050 0.050 0.050 0.050 1484.050 0.050 0.050 0.050 0.050 0.050 0.050 0.050 0.050 0.050 0.050 0.050 1.050 0.050 0.050
0.050 0.050 1.050 0.050 0.050 0.050 0.050 115.050 0.050 0.050 0.050 0.050 0.050 0.050 0.050 0.050 0.050 0.050 0.050 0.050 1369.050
0.050 0.050 0.050 0.050 0.050 1.050 0.050 0.050 1369.050 0.050 115.050 0.050 0.050 0.050 0.050 0.050 0.050 0.050 0.050 0.050 0.050
0.050 142.050 0.050 0.050 0.050 1.050 0.050 0.050 0.050 0.050 0.050 0.050 0.050 0.050 0.050 0.050 1226.050 0.050 0.050 0.050 114.050
0.050 0.050 0.050 0.050 0.050 0.050 0.050 0.050 0.050 0.050 0.050 0.050 0.050 0.050 0.050 0.050 18.050 1467.050 0.050 0.050 0.050
0.050 0.050 0.050 0.050 0.050 0.050 0.050 0.050 0.050 343.050 115.050 0.050 0.050 1.050 0.050 1026.050 0.050 0.050 0.050 0.050 0.050
0.050 116.050 0.050 0.050 0.050 0.050 0.050 0.050 0.050 0.050 0.050 0.050 0.050 0.050 0.050 0.050 0.050 0.050 1369.050 0.050 0.050
0.050 0.050 0.050 0.050 845.050 0.050 522.050 0.050 0.050 114.050 0.050 0.050 0.050 0.050 1.050 0.050 1.050 0.050 0.050 0.050 0.050
0.050 6.050 0.050 0.050 113.050 0.050 0.050 0.050 0.050 1.050 375.050 987.050 0.050 0.050 1.050 0.050 0.050 0.050 0.050 0.050 0.050
0.050 0.050 0.050 0.050 0.050 0.050 1367.050 0.050 0.050 1.050 0.050 0.050 114.050 0.050 0.050 0.050 0.050 0.050 1.050 0.050 0.050
0.050 0.050 0.050 1.050 1367.050 0.050 0.050 0.050 0.050 97.050 0.050 0.050 0.050 0.050 0.050 19.050 0.050 0.050 0.050 0.050 0.050
0.050 1362.050 115.050 0.050 0.050 0.050 0.050 0.050 0.050 0.050 0.050 0.050 0.050 0.050 0.050 0.050 0.050 7.050 1.050 0.050 0.050
0.050 1482.050 0.050 0.050 0.050 0.050 0.050 0.050 0.050 0.050 0.050 0.050 0.050 0.050 0.050 0.050 1.050 1.050 0.050 0.050 0.050
0.050 1072.050 0.050 0.050 0.050 4.050 297.050 0.050 0.050 0.050 111.050 0.050 0.050 0.050 0.050 0.050 0.050 1.050 0.050 0.050 0.050
0.050 0.050 0.050 0.050 0.050 0.050 0.050 0.050 1362.050 0.050 0.050 0.050 0.050 0.050 0.050 0.050 0.050 0.050 123.050 0.050 0.050
0.050 0.050 0.050 0.050 0.050 1366.050 0.050 0.050 0.050 0.050 117.050 0.050 0.050 0.050 0.050 0.050 1.050 0.050 0.050 0.050 0.050
0.050 0.050 0.050 0.050 0.050 0.050 0.050 0.050 0.050 1.050 0.050 1484.050 0.050 0.050 0.050 0.050 0.050 0.050 0.050 0.050 0.050
0.050 1.050 0.050 0.050 0.050 0.050 0.050 0.050 0.050 0.050 0.050 0.050 0.050 0.050 0.050 0.050 2.050 1482.050 0.050 0.050 0.050
0.050 1483.050 0.050 1.050 0.050 0.050 1.050 0.050 0.050 0.050 0.050 0.050 0.050 0.050 0.050 0.050 0.050 0.050 1.050 0.050 0.050
0.050 0.050 0.050 0.050 0.050 0.050 0.050 0.050 0.050 0.050 0.050 0.050 0.050 1.050 0.050 0.050 0.050 1485.050 0.050 0.050 0.050
0.050 0.050 0.050 0.050 0.050 0.050 0.050 0.050 0.050 0.050 0.050 0.050 0.050 1484.050 0.050 1.050 1.050 0.050 0.050 0.050 0.050
0.050 0.050 0.050 0.050 0.050 0.050 0.050 0.050 0.050 0.050 0.050 0.050 0.050 1482.050 0.050 1.050 2.050 1.050 0.050 0.050 0.050
0.050 0.050 0.050 0.050 1.050 0.050 1485.050 0.050 0.050 0.050 0.050 0.050 0.050 0.050 0.050 0.050 0.050 0.050 0.050 0.050 0.050
0.050 24.050 0.050 0.050 0.050 0.050 0.050 0.050 2.050 106.050 0.050 0.050 2.050 0.050 1.050 8.050 614.050 728.050 0.050 0.050 0.050
0.050 218.050 0.050 0.050 0.050 0.050 10.050 35.050 9.050 6.050 0.050 20.050 23.050 0.050 0.050 392.050 342.050 148.050 280.050 0.050 1.050
0.050 0.050 0.050 994.050 492.050 0.050 0.050 0.050 0.050 0.050 0.050 0.050 0.050 0.050 0.050 0.050 0.050 0.050 0.050 0.050 0.050
0.050 623.050 0.050 0.050 0.050 0.050 1.050 0.050 0.050 0.050 0.050 0.050 0.050 856.050 0.050 0.050 3.050 2.050 1.050 0.050 0.050
0.050 0.050 0.050 0.050 0.050 1485.050 0.050 0.050 0.050 0.050 0.050 0.050 0.050 0.050 0.050 0.050 2.050 0.050 0.050 0.050 0.050
0.050 0.050 0.050 0.050 0.050 0.050 0.050 0.050 0.050 0.050 1.050 0.050 0.050 1483.050 0.050 0.050 1.050 0.050 0.050 0.050 0.050
0.050 0.050 0.050 246.050 348.050 0.050 0.050 0.050 0.050 1.050 1.050 0.050 0.050 0.050 890.050 0.050 0.050 0.050 1.050 0.050 0.050
0.050 0.050 1.050 0.050 0.050 0.050 0.050 0.050 1.050 0.050 0.050 0.050 0.050 0.050 0.050 0.050 1443.050 39.050 0.050 0.050 0.050
0.050 0.050 0.050 1.050 0.050 0.050 0.050 1.050 1.050 7.050 0.050 0.050 1475.050 0.050 0.050 0.050 0.050 1.050 0.050 0.050 0.050
0.050 971.050 0.050 0.050 0.050 0.050 114.050 0.050 0.050 0.050 0.050 0.050 0.050 1.050 0.050 1.050 396.050 1.050 1.050 0.050 0.050
0.050 125.050 0.050 0.050 1.050 0.050 1.050 0.050 5.050 0.050 2.050 0.050 0.050 1063.050 0.050 0.050 0.050 0.050 289.050 0.050 0.050
0.050 0.050 0.050 0.050 0.050 0.050 0.050 0.050 1443.050 0.050 0.050 0.050 0.050 0.050 0.050 0.050 0.050 0.050 43.050 0.050 0.050
0.050 10.050 0.050 0.050 72.050 3.050 0.050 89.050 104.050 1.050 26.050 293.050 0.050 0.050 520.050 0.050 249.050 106.050 12.050 0.050 1.050
0.050 0.050 0.050 1369.050 0.050 0.050 1.050 0.050 0.050 0.050 0.050 0.050 1.050 0.050 0.050 0.050 115.050 0.050 0.050 0.050 0.050
0.050 0.050 0.050 1.050 932.050 0.050 0.050 0.050 114.050 1.050 283.050 26.050 0.050 0.050 0.050 0.050 1.050 98.050 28.050 1.050 0.050
0.050 0.050 0.050 1.050 1127.050 0.050 0.050 0.050 0.050 0.050 0.050 0.050 0.050 2.050 350.050 0.050 6.050 0.050 1.050 0.050 0.050
2.050 55.050 0.050 81.050 0.050 0.050 1.050 0.050 1.050 100.050 0.050 0.050 1.050 0.050 0.050 905.050 7.050 233.050 101.050 0.050 0.050
2.050 8.050 0.050 522.050 822.050 0.050 2.050 0.050 0.050 0.050 0.050 0.050 0.050 6.050 124.050 0.050 0.050 0.050 0.050 0.050 0.050
2.050 0.050 0.050 0.050 0.050 0.050 0.050 0.050 1328.050 0.050 0.050 0.050 0.050 0.050 0.050 0.050 1.050 1.050 153.050 0.050 0.050
2.050 0.050 0.050 0.050 0.050 0.050 0.050 0.050 0.050 0.050 1.050 0.050 0.050 1483.050 0.050 0.050 1.050 0.050 0.050 0.050 0.050
0.050 0.050 0.050 470.050 1012.050 0.050 1.050 0.050 0.050 0.050 0.050 0.050 1.050 0.050 0.050 0.050 0.050 0.050 0.050 0.050 0.050
0.050 0.050 0.050 0.050 0.050 0.050 117.050 0.050 0.050 24.050 0.050 0.050 0.050 0.050 0.050 1345.050 0.050 0.050 0.050 1.050 0.050
0.050 477.050 0.050 0.050 115.050 0.050 0.050 0.050 0.050 0.050 0.050 0.050 0.050 2.050 0.050 0.050 892.050 1.050 0.050 0.050 0.050
0.050 0.050 0.050 0.050 0.050 0.050 1.050 0.050 0.050 0.050 0.050 0.050 0.050 0.050 0.050 1.050 0.050 0.050 0.050 1484.050 0.050
0.050 0.050 0.050 0.050 0.050 0.050 0.050 0.050 0.050 0.050 0.050 0.050 1114.050 0.050 0.050 115.050 258.050 0.050 0.050 0.050 0.050
0.050 1.050 0.050 106.050 9.050 1.050 0.050 0.050 0.050 0.050 6.050 0.050 2.050 1.050 0.050 2.050 1236.050 122.050 0.050 0.050 0.050
0.050 0.050 0.050 0.050 0.050 0.050 1487.050 0.050 0.050 0.050 0.050 0.050 0.050 0.050 0.050 0.050 0.050 0.050 0.050 0.050 0.050
0.050 0.050 0.050 1.050 0.050 325.050 0.050 301.050 0.050 0.050 0.050 0.050 216.050 0.050 0.050 0.050 0.050 0.050 0.050 0.050 643.050
0.050 0.050 0.050 432.050 1047.050 0.050 2.050 0.050 0.050 0.050 0.050 0.050 1.050 0.050 2.050 0.050 0.050 0.050 0.050 0.050 0.050
0.050 0.050 0.050 0.050 0.050 0.050 0.050 0.050 0.050 0.050 0.050 0.050 0.050 0.050 0.050 0.050 0.050 0.050 0.050 1484.050 0.050
0.050 0.050 0.050 0.050 0.050 0.050 0.050 0.050 1104.050 0.050 0.050 0.050 0.050 0.050 0.050 0.050 1.050 1.050 380.050 0.050 0.050
0.050 1.050 0.050 0.050 0.050 0.050 0.050 0.050 1.050 0.050 0.050 3.050 0.050 0.050 0.050 0.050 0.050 1482.050 0.050 0.050 0.050
0.050 0.050 0.050 1005.050 443.050 0.050 4.050 0.050 0.050 0.050 0.050 0.050 30.050 0.050 0.050 0.050 6.050 0.050 0.050 0.050 0.050
0.050 0.050 1.050 0.050 0.050 848.050 0.050 97.050 0.050 0.050 1.050 0.050 0.050 0.050 0.050 0.050 0.050 0.050 0.050 0.050 540.050
0.050 207.050 0.050 1.050 118.050 2.050 0.050 1.050 32.050 289.050 1.050 0.050 1.050 299.050 74.050 1.050 106.050 235.050 112.050 0.050 0.050
0.050 0.050 0.050 0.050 0.050 0.050 1486.050 0.050 0.050 0.050 0.050 0.050 0.050 0.050 0.050 0.050 0.050 0.050 1.050 0.050 0.050
0.050 0.050 0.050 0.050 2.050 0.050 0.050 0.050 0.050 1342.050 0.050 0.050 0.050 0.050 0.050 144.050 0.050 0.050 0.050 0.050 0.050
0.050 0.050 0.050 0.050 0.050 0.050 0.050 0.050 0.050 2.050 0.050 0.050 0.050 0.050 0.050 0.050 1.050 1485.050 0.050 0.050 0.050
0.050 115.050 0.050 0.050 0.050 0.050 0.050 0.050 7.050 0.050 0.050 0.050 0.050 0.050 0.050 0.050 0.050 0.050 1366.050 0.050 0.050
0.050 0.050 0.050 0.050 0.050 0.050 0.050 0.050 0.050 0.050 0.050 0.050 0.050 0.050 0.050 0.050 0.050 0.050 0.050 1488.050 0.050
0.050 0.050 0.050 0.050 0.050 1488.050 0.050 0.050 0.050 0.050 0.050 0.050 0.050 0.050 0.050 0.050 0.050 0.050 0.050 0.050 0.050
0.050 0.050 0.050 0.050 0.050 0.050 1.050 0.050 0.050 0.050 0.050 0.050 0.050 0.050 0.050 0.050 0.050 0.050 1487.050 0.050 0.050
0.050 123.050 0.050 0.050 0.050 0.050 0.050 0.050 0.050 0.050 0.050 0.050 0.050 1359.050 0.050 0.050 4.050 0.050 0.050 0.050 0.050
0.050 0.050 0.050 0.050 0.050 0.050 1.050 0.050 0.050 0.050 0.050 0.050 0.050 0.050 0.050 1.050 1485.050 1.050 0.050 0.050 0.050
0.050 0.050 0.050 0.050 0.050 0.050 0.050 0.050 1005.050 0.050 0.050 0.050 0.050 0.050 0.050 0.050 0.050 1.050 482.050 0.050 0.050
0.050 100.050 0.050 0.050 0.050 0.050 0.050 0.050 0.050 1252.050 0.050 1.050 0.050 0.050 0.050 116.050 9.050 1.050 6.050 0.050 0.050
0.050 612.050 0.050 0.050 0.050 0.050 0.050 0.050 2.050 113.050 1.050 354.050 97.050 0.050 0.050 2.050 283.050 19.050 1.050 0.050 0.050
0.050 0.050 0.050 0.050 0.050 0.050 1483.050 0.050 0.050 0.050 0.050 0.050 0.050 0.050 0.050 0.050 3.050 0.050 0.050 0.050 0.050
0.050 0.050 0.050 0.050 2.050 0.050 115.050 0.050 0.050 0.050 0.050 0.050 1369.050 0.050 0.050 0.050 1.050 0.050 0.050 0.050 0.050
0.050 35.050 0.050 889.050 480.050 0.050 2.050 0.050 42.050 0.050 0.050 0.050 0.050 0.050 0.050 0.050 0.050 6.050 33.050 0.050 0.050
0.050 0.050 0.050 0.050 0.050 0.050 0.050 0.050 1479.050 0.050 0.050 4.050 1.050 0.050 0.050 0.050 2.050 0.050 1.050 0.050 0.050
0.050 1480.050 0.050 0.050 0.050 0.050 0.050 0.050 0.050 0.050 0.050 0.050 0.050 0.050 0.050 1.050 0.050 5.050 1.050 0.050 0.050
0.050 394.050 0.050 0.050 0.050 0.050 0.050 0.050 21.050 0.050 231.050 80.050 593.050 0.050 44.050 115.050 0.050 3.050 6.050 0.050 0.050
0.050 7.050 1370.050 0.050 0.050 0.050 0.050 0.050 0.050 0.050 0.050 0.050 0.050 0.050 0.050 1.050 0.050 108.050 1.050 0.050 0.050
0.050 0.050 0.050 0.050 0.050 0.050 0.050 0.050 1.050 0.050 1486.050 0.050 0.050 0.050 0.050 0.050 0.050 0.050 0.050 0.050 0.050
0.050 0.050 0.050 0.050 1.050 0.050 0.050 0.050 0.050 3.050 0.050 0.050 0.050 0.050 382.050 1001.050 1.050 99.050 0.050 0.050 0.050
0.050 0.050 2.050 0.050 0.050 0.050 0.050 0.050 0.050 1013.050 0.050 0.050 0.050 0.050 115.050 357.050 0.050 0.050 0.050 0.050 0.050
0.050 479.050 0.050 0.050 0.050 0.050 0.050 0.050 0.050 104.050 0.050 0.050 816.050 0.050 0.050 11.050 74.050 3.050 0.050 0.050 0.050
0.050 0.050 0.050 0.050 3.050 0.050 1482.050 0.050 0.050 0.050 0.050 0.050 0.050 0.050 0.050 1.050 0.050 0.050 0.050 0.050 0.050
0.050 0.050 0.050 0.050 1.050 0.050 0.050 0.050 0.050 1485.050 0.050 0.050 0.050 0.050 0.050 1.050 0.050 0.050 0.050 0.050 0.050
0.050 0.050 0.050 0.050 0.050 0.050 0.050 0.050 0.050 875.050 0.050 1.050 0.050 1.050 0.050 495.050 114.050 2.050 0.050 0.050 0.050
0.050 0.050 0.050 0.050 0.050 1.050 0.050 0.050 1.050 0.050 0.050 0.050 0.050 0.050 0.050 0.050 0.050 0.050 1486.050 0.050 0.050
0.050 0.050 0.050 0.050 0.050 0.050 0.050 0.050 1267.050 0.050 0.050 0.050 1.050 0.050 0.050 0.050 0.050 0.050 218.050 0.050 0.050
0.050 0.050 115.050 0.050 0.050 0.050 0.050 0.050 0.050 0.050 0.050 0.050 0.050 1.050 1372.050 0.050 0.050 0.050 0.050 0.050 0.050
0.050 0.050 0.050 0.050 0.050 0.050 0.050 0.050 0.050 0.050 1487.050 0.050 0.050 0.050 0.050 0.050 0.050 0.050 0.050 0.050 1.050
0.050 0.050 0.050 0.050 0.050 0.050 0.050 0.050 0.050 0.050 0.050 0.050 496.050 0.050 0.050 0.050 991.050 0.050 0.050 0.050 0.050
0.050 0.050 0.050 0.050 0.050 0.050 0.050 0.050 0.050 0.050 0.050 0.050 0.050 0.050 0.050 1373.050 115.050 0.050 0.050 0.050 0.050
0.050 0.050 0.050 0.050 1.050 0.050 0.050 0.050 0.050 1482.050 0.050 0.050 1.050 0.050 1.050 2.050 0.050 0.050 0.050 0.050 0.050
0.050 0.050 2.050 0.050 0.050 0.050 0.050 0.050 0.050 0.050 0.050 0.050 0.050 0.050 0.050 0.050 381.050 1105.050 0.050 0.050 0.050
0.050 0.050 0.050 0.050 0.050 1127.050 0.050 0.050 1.050 0.050 0.050 0.050 0.050 0.050 0.050 0.050 1.050 0.050 0.050 0.050 358.050
0.050 0.050 0.050 1028.050 448.050 0.050 2.050 0.050 0.050 0.050 0.050 0.050 2.050 0.050 0.050 0.050 0.050 0.050 0.050 0.050 0.050
0.050 1.050 0.050 0.050 0.050 6.050 0.050 0.050 0.050 115.050 0.050 0.050 0.050 0.050 0.050 1.050 279.050 1086.050 0.050 0.050 0.050
0.050 0.050 0.050 113.050 1375.050 0.050 0.050 0.050 0.050 0.050 0.050 0.050 0.050 0.050 0.050 0.050 0.050 0.050 0.050 0.050 0.050
0.050 0.050 0.050 0.050 0.050 100.050 0.050 2.050 0.050 0.050 0.050 0.050 0.050 0.050 0.050 0.050 0.050 0.050 0.050 0.050 1385.050
0.050 7.050 0.050 0.050 0.050 0.050 6.050 0.050 67.050 1.050 11.050 0.050 0.050 453.050 620.050 0.050 77.050 28.050 218.050 0.050 0.050
0.050 0.050 0.050 0.050 1.050 0.050 0.050 0.050 0.050 1369.050 0.050 0.050 1.050 0.050 0.050 117.050 0.050 0.050 0.050 0.050 0.050
0.050 0.050 357.050 0.050 0.050 0.050 0.050 0.050 0.050 2.050 0.050 2.050 0.050 0.050 0.050 0.050 2.050 1012.050 113.050 0.050 0.050
0.050 0.050 0.050 0.050 0.050 0.050 0.050 3.050 0.050 1012.050 0.050 0.050 0.050 0.050 0.050 467.050 0.050 0.050 0.050 0.050 0.050
0.050 77.050 0.050 95.050 19.050 0.050 1.050 83.050 3.050 0.050 288.050 0.050 699.050 0.050 0.050 0.050 5.050 216.050 0.050 0.050 1.050
0.050 0.050 0.050 232.050 115.050 0.050 123.050 0.050 1.050 0.050 0.050 1.050 824.050 0.050 100.050 0.050 13.050 71.050 0.050 0.050 1.050
0.050 1.050 0.050 1245.050 126.050 0.050 1.050 0.050 0.050 115.050 0.050 0.050 0.050 0.050 0.050 0.050 0.050 0.050 0.050 0.050 0.050
0.050 1.050 0.050 0.050 0.050 0.050 1.050 0.050 0.050 0.050 0.050 0.050 0.050 114.050 0.050 1.050 0.050 0.050 0.050 1371.050 0.050
0.050 0.050 0.050 1485.050 1.050 0.050 2.050 0.050 0.050 0.050 0.050 0.050 0.050 0.050 0.050 0.050 0.050 0.050 0.050 0.050 0.050
0.050 0.050 0.050 0.050 0.050 1183.050 0.050 0.050 0.050 0.050 0.050 0.050 0.050 0.050 0.050 0.050 0.050 0.050 0.050 0.050 305.050
0.050 0.050 0.050 0.050 0.050 0.050 0.050 0.050 0.050 0.050 1.050 0.050 0.050 0.050 0.050 0.050 0.050 0.050 1487.050 0.050 0.050
0.050 0.050 0.050 1.050 0.050 0.050 2.050 0.050 355.050 0.050 1.050 0.050 0.050 0.050 0.050 0.050 0.050 0.050 1129.050 0.050 0.050
0.050 1.050 0.050 0.050 0.050 0.050 0.050 0.050 0.050 0.050 0.050 0.050 0.050 0.050 0.050 0.050 0.050 1487.050 0.050 0.050 0.050
0.050 1.050 0.050 0.050 0.050 0.050 0.050 0.050 0.050 0.050 0.050 0.050 0.050 0.050 0.050 0.050 0.050 1487.050 0.050 0.050 0.050
0.050 0.050 0.050 1488.050 0.050 0.050 0.050 0.050 0.050 0.050 0.050 0.050 0.050 0.050 0.050 0.050 0.050 0.050 0.050 0.050 0.050
0.050 0.050 0.050 0.050 0.050 0.050 0.050 0.050 1487.050 0.050 0.050 1.050 0.050 0.050 0.050 0.050 0.050 0.050 0.050 0.050 0.050
0.050 0.050 0.050 0.050 0.050 2.050 0.050 0.050 0.050 0.050 0.050 0.050 0.050 0.050 0.050 0.050 1486.050 0.050 0.050 0.050 0.050
0.050 0.050 0.050 0.050 1486.050 0.050 0.050 0.050 0.050 0.050 0.050 0.050 0.050 0.050 1.050 0.050 0.050 0.050 1.050 0.050 0.050
0.050 0.050 0.050 0.050 0.050 0.050 0.050 0.050 0.050 0.050 0.050 1484.050 0.050 0.050 0.050 0.050 0.050 0.050 3.050 0.050 0.050
0.050 0.050 0.050 0.050 0.050 0.050 1486.050 0.050 0.050 0.050 1.050 0.050 0.050 0.050 0.050 0.050 0.050 0.050 0.050 0.050 0.050
0.050 1486.050 0.050 0.050 0.050 0.050 0.050 0.050 0.050 0.050 0.050 0.050 0.050 1.050 0.050 0.050 0.050 1.050 0.050 0.050 0.050
0.050 0.050 0.050 0.050 0.050 0.050 0.050 0.050 0.050 0.050 0.050 0.050 1487.050 0.050 0.050 0.050 0.050 0.050 0.050 0.050 1.050
0.050 0.050 0.050 0.050 0.050 1371.050 0.050 0.050 0.050 0.050 116.050 0.050 0.050 0.050 0.050 0.050 1.050 0.050 0.050 0.050 0.050
0.050 0.050 0.050 115.050 0.050 0.050 147.050 0.050 1.050 826.050 0.050 0.050 0.050 1.050 0.050 397.050 0.050 0.050 0.050 0.050 0.050
0.050 1369.050 0.050 0.050 0.050 0.050 0.050 0.050 0.050 0.050 0.050 0.050 0.050 0.050 0.050 0.050 0.050 3.050 116.050 0.050 0.050
0.050 3.050 0.050 619.050 294.050 0.050 71.050 25.050 0.050 0.050 0.050 0.050 16.050 0.050 2.050 2.050 452.050 3.050 0.050 0.050 0.050
0.050 0.050 0.050 0.050 0.050 0.050 0.050 0.050 0.050 0.050 0.050 0.050 0.050 0.050 0.050 1486.050 0.050 1.050 0.050 0.050 0.050
0.050 0.050 0.050 0.050 0.050 0.050 1.050 0.050 1.050 0.050 0.050 0.050 0.050 0.050 0.050 0.050 0.050 0.050 1485.050 0.050 0.050
0.050 0.050 0.050 0.050 0.050 0.050 0.050 0.050 1484.050 0.050 0.050 2.050 0.050 0.050 0.050 0.050 0.050 0.050 1.050 0.050 0.050
0.050 0.050 0.050 1486.050 0.050 0.050 0.050 0.050 0.050 0.050 0.050 0.050 0.050 0.050 0.050 0.050 0.050 0.050 0.050 0.050 1.050
0.050 0.050 123.050 0.050 0.050 0.050 115.050 0.050 0.050 0.050 1.050 0.050 0.050 890.050 0.050 0.050 358.050 0.050 0.050 0.050 0.050
0.050 0.050 0.050 0.050 0.050 0.050 0.050 0.050 0.050 0.050 0.050 0.050 0.050 0.050 0.050 1487.050 0.050 0.050 0.050 0.050 0.050
0.050 0.050 0.050 0.050 0.050 0.050 1.050 0.050 0.050 382.050 0.050 0.050 0.050 0.050 0.050 988.050 0.050 115.050 0.050 0.050 0.050
0.050 0.050 1013.050 0.050 0.050 0.050 0.050 0.050 0.050 0.050 0.050 0.050 115.050 0.050 0.050 0.050 358.050 0.050 0.050 0.050 0.050
0.050 1.050 0.050 0.050 0.050 0.050 0.050 0.050 115.050 0.050 691.050 296.050 0.050 0.050 0.050 0.050 1.050 0.050 382.050 0.050 0.050
0.050 0.050 0.050 0.050 2.050 0.050 0.050 0.050 1.050 1480.050 0.050 0.050 2.050 0.050 0.050 1.050 0.050 0.050 0.050 0.050 0.050
0.050 0.050 0.050 0.050 0.050 0.050 0.050 0.050 0.050 0.050 0.050 0.050 0.050 1486.050 0.050 0.050 0.050 0.050 0.050 0.050 0.050
115.050 2.050 0.050 0.050 0.050 0.050 1.050 0.050 5.050 0.050 0.050 0.050 0.050 0.050 0.050 0.050 0.050 353.050 1010.050 0.050 0.050
115.050 0.050 0.050 0.050 0.050 0.050 0.050 0.050 1369.050 0.050 0.050 0.050 0.050 0.050 0.050 0.050 1.050 0.050 0.050 0.050 0.050
115.050 0.050 0.050 0.050 0.050 0.050 0.050 0.050 240.050 0.050 1122.050 2.050 0.050 3.050 0.050 0.050 2.050 0.050 1.050 0.050 0.050
100.050 3.050 0.050 5.050 277.050 0.050 0.050 0.050 0.050 305.050 0.050 0.050 0.050 3.050 2.050 2.050 1.050 790.050 0.050 0.050 0.050
0.050 0.050 0.050 1005.050 472.050 0.050 3.050 1.050 0.050 1.050 0.050 0.050 3.050 0.050 0.050 0.050 0.050 0.050 0.050 0.050 0.050
24.050 1.050 0.050 1.050 1.050 0.050 1340.050 0.050 6.050 0.050 0.050 0.050 0.050 0.050 0.050 1.050 2.050 0.050 109.050 0.050 0.050
100.050 0.050 0.050 164.050 630.050 0.050 0.050 0.050 0.050 0.050 0.050 0.050 0.050 588.050 1.050 0.050 5.050 0.050 0.050 0.050 0.050
0.050 1.050 0.050 24.050 987.050 0.050 468.050 0.050 0.050 0.050 0.050 0.050 2.050 0.050 0.050 0.050 1.050 0.050 0.050 0.050 0.050
0.050 0.050 0.050 0.050 0.050 0.050 1.050 0.050 0.050 39.050 0.050 0.050 0.050 0.050 0.050 1442.050 0.050 0.050 0.050 0.050 0.050
0.050 0.050 0.050 0.050 0.050 0.050 0.050 0.050 2.050 0.050 0.050 0.050 0.050 0.050 0.050 0.050 0.050 0.050 1481.050 0.050 0.050
0.050 0.050 0.050 0.050 115.050 1.050 0.050 0.050 1344.050 0.050 0.050 0.050 0.050 0.050 0.050 0.050 0.050 2.050 20.050 0.050 0.050
0.050 0.050 0.050 0.050 0.050 3.050 0.050 0.050 0.050 0.050 1470.050 9.050 0.050 0.050 0.050 0.050 0.050 0.050 0.050 0.050 0.050
0.050 989.050 0.050 0.050 0.050 0.050 316.050 0.050 6.050 0.050 0.050 0.050 25.050 0.050 0.050 0.050 42.050 105.050 0.050 0.050 0.050
0.050 0.050 0.050 3.050 234.050 0.050 1123.050 0.050 0.050 0.050 0.050 0.050 116.050 0.050 0.050 0.050 0.050 0.050 7.050 0.050 0.050
0.050 0.050 0.050 0.050 0.050 0.050 0.050 0.050 0.050 0.050 0.050 0.050 0.050 1368.050 0.050 0.050 0.050 114.050 1.050 0.050 0.050
0.050 0.050 0.050 0.050 0.050 0.050 0.050 0.050 76.050 0.050 0.050 934.050 0.050 0.050 0.050 115.050 358.050 0.050 0.050 0.050 0.050
0.050 265.050 0.050 0.050 0.050 0.050 0.050 0.050 0.050 9.050 0.050 0.050 0.050 1099.050 0.050 106.050 5.050 0.050 0.050 0.050 0.050
0.050 1.050 0.050 0.050 0.050 0.050 0.050 0.050 186.050 0.050 0.050 1.050 0.050 0.050 0.050 0.050 0.050 0.050 1296.050 0.050 0.050
0.050 1.050 0.050 0.050 0.050 0.050 0.050 0.050 0.050 0.050 0.050 0.050 0.050 1.050 0.050 0.050 1.050 1481.050 0.050 0.050 0.050
0.050 426.050 0.050 0.050 0.050 0.050 0.050 390.050 0.050 0.050 0.050 0.050 0.050 73.050 0.050 0.050 147.050 115.050 330.050 0.050 2.050
0.050 1184.050 0.050 0.050 0.050 2.050 0.050 0.050 1.050 0.050 0.050 0.050 0.050 0.050 0.050 0.050 295.050 1.050 0.050 0.050 0.050
0.050 0.050 0.050 0.050 0.050 0.050 0.050 0.050 1.050 0.050 0.050 0.050 1.050 0.050 0.050 0.050 1481.050 0.050 0.050 0.050 0.050
0.050 1481.050 0.050 0.050 0.050 0.050 0.050 0.050 0.050 0.050 0.050 0.050 0.050 1.050 0.050 0.050 0.050 0.050 0.050 0.050 0.050
0.050 1481.050 0.050 0.050 0.050 0.050 0.050 0.050 0.050 0.050 0.050 0.050 1.050 0.050 0.050 0.050 0.050 1.050 0.050 0.050 0.050
0.050 0.050 0.050 0.050 0.050 0.050 0.050 0.050 0.050 0.050 0.050 0.050 0.050 1.050 1482.050 0.050 0.050 0.050 0.050 0.050 0.050
1.050 0.050 0.050 0.050 0.050 0.050 0.050 0.050 0.050 0.050 0.050 0.050 0.050 0.050 0.050 1482.050 0.050 0.050 0.050 0.050 0.050
0.050 0.050 0.050 0.050 0.050 0.050 1.050 0.050 0.050 1.050 0.050 0.050 0.050 0.050 0.050 1481.050 0.050 0.050 0.050 0.050 0.050
0.050 0.050 0.050 0.050 0.050 0.050 1483.050 0.050 0.050 0.050 0.050 0.050 0.050 0.050 0.050 0.050 0.050 0.050 0.050 0.050 0.050
0.050 0.050 0.050 0.050 0.050 0.050 0.050 0.050 0.050 0.050 0.050 0.050 0.050 0.050 0.050 1483.050 0.050 0.050 0.050 0.050 0.050
0.050 0.050 0.050 0.050 0.050 1.050 0.050 0.050 961.050 0.050 0.050 0.050 0.050 0.050 0.050 0.050 0.050 1.050 520.050 0.050 0.050
0.050 2.050 0.050 0.050 0.050 0.050 1481.050 0.050 0.050 0.050 0.050 0.050 0.050 0.050 0.050 0.050 1.050 0.050 0.050 0.050 0.050
0.050 0.050 0.050 0.050 0.050 0.050 0.050 0.050 0.050 0.050 0.050 0.050 0.050 0.050 0.050 1484.050 0.050 0.050 0.050 0.050 0.050
0.050 0.050 0.050 1.050 0.050 0.050 0.050 25.050 0.050 0.050 0.050 0.050 1355.050 0.050 80.050 1.050 10.050 12.050 0.050 0.050 0.050
0.050 0.050 0.050 20.050 79.050 0.050 7.050 161.050 0.050 0.050 4.050 0.050 0.050 1058.050 132.050 0.050 21.050 0.050 0.050 0.050 2.050
0.050 66.050 0.050 0.050 1.050 0.050 114.050 1.050 0.050 282.050 4.050 0.050 477.050 3.050 209.050 19.050 297.050 10.050 1.050 0.050 0.050
0.050 0.050 0.050 0.050 0.050 0.050 0.050 0.050 0.050 617.050 0.050 0.050 297.050 0.050 454.050 116.050 0.050 0.050 0.050 0.050 0.050
0.050 1.050 0.050 1.050 888.050 0.050 1.050 0.050 63.050 0.050 0.050 0.050 0.050 96.050 0.050 0.050 0.050 114.050 320.050 0.050 0.050
115.050 0.050 0.050 72.050 0.050 0.050 784.050 0.050 0.050 0.050 0.050 0.050 511.050 0.050 0.050 0.050 2.050 0.050 0.050 0.050 0.050
0.050 0.050 0.050 1484.050 0.050 0.050 0.050 0.050 0.050 0.050 0.050 0.050 1.050 0.050 0.050 0.050 0.050 0.050 0.050 0.050 0.050
0.050 0.050 0.050 0.050 587.050 0.050 0.050 0.050 0.050 0.050 3.050 0.050 0.050 0.050 891.050 0.050 0.050 3.050 0.050 0.050 0.050
0.050 0.050 0.050 0.050 0.050 0.050 0.050 0.050 0.050 0.050 0.050 0.050 0.050 0.050 0.050 0.050 0.050 0.050 0.050 0.050 1485.050
0.050 0.050 235.050 0.050 0.050 0.050 0.050 146.050 840.050 0.050 82.050 16.050 0.050 0.050 0.050 0.050 0.050 0.050 165.050 0.050 1.050
0.050 0.050 0.050 0.050 0.050 288.050 0.050 0.050 0.050 0.050 0.050 0.050 1.050 0.050 0.050 0.050 2.050 0.050 0.050 0.050 1194.050
0.050 0.050 0.050 0.050 0.050 0.050 479.050 0.050 0.050 0.050 0.050 615.050 0.050 0.050 0.050 1.050 187.050 203.050 0.050 0.050 0.050
0.050 0.050 1.050 0.050 0.050 0.050 1483.050 0.050 0.050 0.050 0.050 0.050 0.050 0.050 0.050 0.050 0.050 0.050 1.050 0.050 0.050
0.050 99.050 0.050 72.050 297.050 0.050 134.050 234.050 0.050 0.050 0.050 0.050 0.050 2.050 636.050 1.050 3.050 4.050 2.050 0.050 1.050
0.050 0.050 212.050 0.050 0.050 0.050 0.050 0.050 1.050 0.050 0.050 0.050 0.050 891.050 0.050 0.050 0.050 381.050 0.050 0.050 0.050
0.050 97.050 0.050 115.050 0.050 0.050 0.050 0.050 0.050 0.050 886.050 0.050 260.050 0.050 0.050 0.050 125.050 0.050 1.050 0.050 0.050
0.050 0.050 0.050 116.050 775.050 0.050 0.050 0.050 1.050 36.050 0.050 0.050 518.050 0.050 0.050 37.050 1.050 1.050 0.050 0.050 0.050
0.050 0.050 0.050 489.050 0.050 0.050 2.050 1.050 0.050 3.050 0.050 0.050 889.050 0.050 0.050 0.050 1.050 98.050 0.050 0.050 1.050
0.050 1.050 0.050 1482.050 0.050 0.050 1.050 0.050 0.050 0.050 0.050 0.050 1.050 0.050 0.050 0.050 0.050 0.050 0.050 0.050 0.050
0.050 2.050 0.050 1.050 985.050 0.050 15.050 24.050 0.050 0.050 2.050 0.050 0.050 0.050 0.050 2.050 406.050 49.050 0.050 0.050 0.050
0.050 0.050 0.050 1006.050 1.050 0.050 104.050 0.050 35.050 0.050 0.050 6.050 319.050 0.050 0.050 0.050 15.050 0.050 1.050 0.050 0.050
0.050 33.050 307.050 0.050 0.050 213.050 0.050 695.050 0.050 0.050 233.050 0.050 0.050 0.050 0.050 0.050 2.050 0.050 0.050 0.050 3.050
0.050 1372.050 0.050 0.050 0.050 0.050 0.050 0.050 0.050 0.050 0.050 0.050 0.050 0.050 0.050 0.050 0.050 0.050 115.050 0.050 0.050
0.050 0.050 0.050 0.050 0.050 0.050 0.050 1339.050 0.050 0.050 0.050 0.050 24.050 3.050 116.050 1.050 0.050 0.050 0.050 0.050 4.050
0.050 0.050 0.050 0.050 1.050 0.050 0.050 0.050 0.050 0.050 0.050 0.050 0.050 0.050 0.050 0.050 0.050 0.050 0.050 1485.050 0.050
0.050 0.050 0.050 0.050 0.050 0.050 0.050 0.050 4.050 411.050 98.050 0.050 0.050 0.050 0.050 1.050 0.050 972.050 0.050 0.050 0.050
0.050 0.050 0.050 2.050 1484.050 0.050 0.050 0.050 0.050 0.050 0.050 0.050 0.050 0.050 1.050 0.050 0.050 0.050 0.050 0.050 0.050
0.050 1483.050 0.050 0.050 1.050 0.050 2.050 0.050 0.050 0.050 0.050 0.050 0.050 0.050 0.050 0.050 0.050 0.050 0.050 0.050 0.050
0.050 0.050 0.050 0.050 0.050 0.050 0.050 1.050 0.050 1038.050 0.050 0.050 0.050 0.050 114.050 333.050 0.050 0.050 0.050 0.050 0.050
0.050 0.050 0.050 0.050 0.050 0.050 0.050 0.050 497.050 0.050 0.050 989.050 0.050 0.050 0.050 0.050 0.050 0.050 0.050 0.050 0.050
0.050 0.050 0.050 0.050 0.050 1.050 0.050 0.050 0.050 0.050 1135.050 350.050 0.050 0.050 0.050 0.050 0.050 0.050 0.050 0.050 0.050
0.050 0.050 0.050 0.050 0.050 0.050 0.050 0.050 0.050 0.050 1485.050 0.050 0.050 1.050 0.050 0.050 0.050 0.050 0.050 0.050 0.050
0.050 2.050 0.050 1483.050 1.050 0.050 0.050 0.050 0.050 0.050 0.050 0.050 0.050 0.050 0.050 0.050 0.050 0.050 0.050 0.050 0.050
0.050 0.050 0.050 1.050 0.050 0.050 0.050 1.050 0.050 0.050 0.050 0.050 1483.050 0.050 0.050 0.050 0.050 0.050 0.050 0.050 1.050
0.050 0.050 0.050 0.050 0.050 0.050 0.050 0.050 1482.050 0.050 0.050 1.050 0.050 0.050 0.050 0.050 0.050 2.050 1.050 0.050 0.050
0.050 0.050 0.050 0.050 0.050 0.050 0.050 127.050 2.050 1.050 0.050 0.050 1049.050 1.050 0.050 0.050 1.050 115.050 0.050 0.050 189.050
0.050 0.050 0.050 0.050 0.050 0.050 0.050 0.050 0.050 0.050 166.050 315.050 0.050 1.050 0.050 0.050 0.050 1005.050 0.050 0.050 0.050
0.050 2.050 0.050 0.050 0.050 0.050 0.050 0.050 1.050 0.050 105.050 0.050 0.050 1272.050 99.050 0.050 1.050 0.050 7.050 0.050 0.050
0.050 0.050 0.050 99.050 890.050 0.050 0.050 0.050 0.050 2.050 0.050 0.050 379.050 0.050 0.050 115.050 1.050 0.050 0.050 0.050 0.050
0.050 1.050 0.050 0.050 0.050 0.050 1487.050 0.050 0.050 0.050 0.050 0.050 0.050 0.050 0.050 0.050 0.050 0.050 0.050 0.050 0.050
0.050 0.050 0.050 0.050 0.050 0.050 0.050 0.050 891.050 0.050 482.050 0.050 0.050 115.050 0.050 0.050 0.050 0.050 0.050 0.050 0.050
0.050 0.050 0.050 0.050 0.050 0.050 0.050 0.050 1196.050 0.050 1.050 1.050 0.050 0.050 0.050 0.050 0.050 0.050 289.050 0.050 0.050
0.050 595.050 0.050 0.050 0.050 0.050 0.050 0.050 0.050 0.050 0.050 0.050 0.050 891.050 0.050 0.050 0.050 0.050 2.050 0.050 0.050
0.050 523.050 0.050 0.050 0.050 0.050 0.050 0.050 0.050 0.050 0.050 0.050 0.050 1.050 381.050 1.050 395.050 187.050 0.050 0.050 0.050
0.050 0.050 0.050 0.050 0.050 317.050 0.050 0.050 1.050 0.050 823.050 347.050 0.050 0.050 0.050 0.050 0.050 0.050 0.050 0.050 0.050
0.050 0.050 1.050 0.050 0.050 889.050 0.050 1.050 0.050 0.050 0.050 0.050 0.050 0.050 0.050 0.050 0.050 0.050 0.050 0.050 597.050
0.050 3.050 0.050 1.050 816.050 0.050 309.050 1.050 0.050 0.050 1.050 0.050 0.050 0.050 255.050 101.050 1.050 0.050 0.050 0.050 0.050
0.050 0.050 0.050 0.050 0.050 0.050 0.050 0.050 0.050 0.050 0.050 0.050 0.050 1488.050 0.050 0.050 0.050 0.050 0.050 0.050 0.050
0.050 0.050 0.050 0.050 1488.050 0.050 0.050 0.050 0.050 0.050 0.050 0.050 0.050 0.050 0.050 0.050 0.050 0.050 0.050 0.050 0.050
0.050 100.050 0.050 0.050 0.050 0.050 0.050 0.050 0.050 0.050 0.050 0.050 0.050 0.050 115.050 1273.050 0.050 0.050 0.050 0.050 0.050
0.050 0.050 0.050 259.050 1202.050 0.050 11.050 0.050 0.050 3.050 0.050 9.050 0.050 0.050 2.050 0.050 0.050 0.050 0.050 0.050 0.050
0.050 0.050 0.050 0.050 0.050 0.050 0.050 0.050 0.050 1481.050 0.050 0.050 1.050 0.050 0.050 5.050 0.050 0.050 0.050 0.050 0.050
0.050 115.050 0.050 0.050 0.050 0.050 0.050 0.050 5.050 0.050 0.050 114.050 3.050 0.050 0.050 0.050 521.050 75.050 653.050 0.050 0.050
0.050 620.050 4.050 296.050 1.050 138.050 0.050 1.050 0.050 0.050 7.050 0.050 0.050 108.050 72.050 0.050 4.050 2.050 0.050 0.050 234.050
0.050 987.050 0.050 0.050 115.050 0.050 2.050 0.050 0.050 0.050 0.050 0.050 0.050 1.050 0.050 0.050 2.050 380.050 0.050 0.050 0.050
0.050 0.050 0.050 0.050 0.050 0.050 0.050 0.050 969.050 0.050 1.050 382.050 0.050 0.050 0.050 0.050 0.050 2.050 133.050 0.050 0.050
0.050 116.050 0.050 1270.050 101.050 0.050 0.050 0.050 0.050 0.050 0.050 0.050 0.050 0.050 0.050 0.050 0.050 0.050 1.050 0.050 0.050
0.050 0.050 0.050 0.050 0.050 0.050 1487.050 0.050 0.050 0.050 0.050 0.050 0.050 0.050 0.050 1.050 0.050 0.050 0.050 0.050 0.050
0.050 0.050 0.050 0.050 1371.050 0.050 1.050 114.050 0.050 0.050 0.050 0.050 0.050 0.050 0.050 0.050 0.050 0.050 0.050 0.050 1.050
0.050 0.050 1.050 0.050 0.050 299.050 0.050 0.050 0.050 0.050 0.050 0.050 0.050 0.050 0.050 0.050 3.050 0.050 0.050 0.050 1185.050
0.050 0.050 0.050 0.050 0.050 0.050 1.050 0.050 0.050 103.050 0.050 0.050 0.050 0.050 0.050 1383.050 1.050 0.050 0.050 0.050 0.050
0.050 0.050 0.050 0.050 0.050 0.050 0.050 0.050 0.050 0.050 1487.050 0.050 0.050 1.050 0.050 0.050 0.050 0.050 0.050 0.050 0.050
0.050 1.050 0.050 0.050 0.050 0.050 1.050 0.050 1.050 215.050 0.050 0.050 9.050 3.050 0.050 1155.050 0.050 103.050 0.050 0.050 0.050
0.050 0.050 0.050 0.050 115.050 0.050 1273.050 0.050 0.050 0.050 0.050 0.050 0.050 0.050 0.050 0.050 0.050 99.050 0.050 0.050 0.050
0.050 0.050 0.050 2.050 1483.050 0.050 0.050 0.050 0.050 0.050 0.050 0.050 0.050 0.050 1.050 0.050 0.050 0.050 0.050 0.050 0.050
0.050 598.050 0.050 0.050 382.050 0.050 0.050 0.050 0.050 115.050 0.050 0.050 0.050 3.050 171.050 0.050 217.050 1.050 0.050 0.050 0.050
0.050 0.050 0.050 0.050 0.050 0.050 0.050 0.050 0.050 82.050 0.050 0.050 0.050 0.050 0.050 1405.050 0.050 0.050 0.050 0.050 0.050
0.050 0.050 0.050 0.050 1.050 0.050 0.050 0.050 0.050 1482.050 0.050 1.050 0.050 0.050 0.050 1.050 0.050 2.050 0.050 0.050 0.050
0.050 0.050 0.050 0.050 0.050 0.050 0.050 115.050 0.050 0.050 0.050 0.050 343.050 0.050 0.050 0.050 1.050 1028.050 0.050 0.050 0.050
0.050 0.050 0.050 0.050 0.050 1484.050 0.050 0.050 0.050 0.050 2.050 0.050 0.050 0.050 0.050 0.050 0.050 0.050 0.050 0.050 1.050
0.050 0.050 0.050 0.050 0.050 0.050 1.050 0.050 0.050 0.050 362.050 0.050 0.050 0.050 0.050 115.050 0.050 0.050 1009.050 0.050 0.050
0.050 0.050 0.050 291.050 1080.050 0.050 0.050 114.050 0.050 0.050 0.050 0.050 0.050 0.050 0.050 0.050 0.050 0.050 0.050 0.050 1.050
0.050 0.050 0.050 0.050 0.050 22.050 0.050 0.050 0.050 0.050 1465.050 0.050 0.050 0.050 0.050 0.050 0.050 0.050 0.050 0.050 0.050
0.050 0.050 0.050 0.050 0.050 0.050 0.050 0.050 7.050 0.050 459.050 1019.050 0.050 0.050 0.050 0.050 0.050 0.050 1.050 0.050 0.050
0.050 2.050 0.050 0.050 0.050 0.050 0.050 0.050 0.050 118.050 0.050 0.050 0.050 0.050 0.050 1254.050 0.050 113.050 0.050 0.050 0.050
0.050 1.050 0.050 0.050 0.050 0.050 1.050 98.050 0.050 0.050 0.050 1.050 30.050 0.050 11.050 989.050 0.050 356.050 0.050 0.050 0.050
0.050 358.050 115.050 0.050 0.050 0.050 1014.050 0.050 0.050 0.050 0.050 0.050 0.050 0.050 0.050 0.050 0.050 0.050 0.050 0.050 0.050
0.050 1.050 0.050 1484.050 0.050 0.050 0.050 1.050 0.050 0.050 0.050 0.050 0.050 1.050 0.050 0.050 0.050 0.050 0.050 0.050 0.050
0.050 0.050 0.050 0.050 0.050 115.050 0.050 0.050 1.050 0.050 1370.050 1.050 0.050 0.050 0.050 0.050 0.050 0.050 0.050 0.050 0.050
0.050 0.050 0.050 0.050 0.050 0.050 0.050 0.050 0.050 0.050 0.050 0.050 0.050 1370.050 1.050 0.050 0.050 116.050 0.050 0.050 0.050
0.050 0.050 0.050 0.050 0.050 0.050 1.050 0.050 0.050 0.050 0.050 0.050 0.050 115.050 0.050 0.050 0.050 0.050 1371.050 0.050 0.050
0.050 0.050 0.050 0.050 0.050 0.050 0.050 0.050 0.050 0.050 0.050 0.050 0.050 0.050 0.050 1.050 1.050 0.050 0.050 1482.050 1.050
0.050 0.050 0.050 0.050 0.050 0.050 0.050 0.050 0.050 0.050 1486.050 0.050 0.050 0.050 0.050 0.050 0.050 0.050 0.050 0.050 0.050
0.050 1104.050 0.050 0.050 0.050 0.050 1.050 0.050 0.050 0.050 0.050 0.050 0.050 0.050 0.050 0.050 381.050 0.050 0.050 0.050 0.050
0.050 0.050 0.050 0.050 0.050 2.050 0.050 217.050 0.050 0.050 0.050 0.050 0.050 0.050 0.050 0.050 0.050 0.050 0.050 115.050 1152.050
0.050 0.050 0.050 0.050 1.050 0.050 0.050 115.050 0.050 1155.050 0.050 0.050 0.050 0.050 103.050 112.050 0.050 0.050 0.050 0.050 0.050
0.050 3.050 0.050 0.050 0.050 0.050 2.050 0.050 0.050 0.050 0.050 0.050 0.050 0.050 0.050 0.050 0.050 0.050 1480.050 1.050 0.050
0.050 1481.050 0.050 1.050 0.050 0.050 0.050 0.050 0.050 0.050 0.050 0.050 0.050 2.050 0.050 0.050 1.050 1.050 0.050 0.050 0.050
0.050 616.050 0.050 0.050 1.050 0.050 1.050 0.050 0.050 0.050 0.050 0.050 0.050 2.050 0.050 0.050 856.050 9.050 1.050 0.050 0.050
0.050 406.050 0.050 0.050 818.050 0.050 1.050 0.050 0.050 1.050 0.050 0.050 257.050 0.050 0.050 0.050 3.050 0.050 0.050 0.050 0.050
0.050 0.050 0.050 0.050 0.050 0.050 1371.050 0.050 0.050 0.050 0.050 0.050 0.050 0.050 0.050 0.050 0.050 15.050 100.050 0.050 0.050
0.050 5.050 0.050 0.050 0.050 301.050 0.050 12.050 828.050 0.050 1.050 1.050 0.050 2.050 0.050 0.050 105.050 4.050 212.050 0.050 15.050
0.050 2.050 6.050 0.050 1.050 0.050 1.050 0.050 2.050 213.050 2.050 0.050 303.050 2.050 429.050 0.050 427.050 98.050 0.050 0.050 0.050
0.050 1.050 0.050 0.050 0.050 0.050 0.050 0.050 0.050 0.050 0.050 0.050 0.050 0.050 0.050 0.050 0.050 0.050 114.050 0.050 1371.050
0.050 292.050 0.050 0.050 1.050 0.050 0.050 232.050 0.050 69.050 9.050 1.050 7.050 2.050 24.050 2.050 302.050 540.050 2.050 0.050 2.050
0.050 0.050 0.050 1412.050 0.050 0.050 0.050 0.050 0.050 0.050 0.050 0.050 2.050 0.050 0.050 0.050 72.050 0.050 0.050 0.050 0.050
0.050 0.050 0.050 0.050 0.050 0.050 0.050 0.050 0.050 0.050 0.050 0.050 0.050 0.050 0.050 1485.050 1.050 0.050 0.050 0.050 0.050
0.050 0.050 0.050 1.050 71.050 0.050 0.050 0.050 1.050 436.050 0.050 0.050 62.050 0.050 0.050 843.050 71.050 0.050 0.050 0.050 0.050
0.050 0.050 0.050 0.050 0.050 0.050 0.050 0.050 0.050 0.050 1.050 0.050 0.050 0.050 0.050 0.050 0.050 0.050 0.050 1484.050 0.050
0.050 0.050 1366.050 0.050 0.050 0.050 0.050 0.050 0.050 0.050 0.050 0.050 0.050 0.050 0.050 1.050 0.050 115.050 0.050 1.050 1.050
0.050 0.050 0.050 0.050 0.050 1368.050 0.050 0.050 0.050 0.050 1.050 0.050 0.050 0.050 0.050 0.050 0.050 0.050 1.050 115.050 0.050
0.050 2.050 0.050 1268.050 108.050 0.050 1.050 0.050 0.050 0.050 0.050 0.050 0.050 0.050 9.050 0.050 0.050 96.050 1.050 0.050 0.050
0.050 0.050 0.050 0.050 0.050 0.050 1484.050 0.050 0.050 0.050 0.050 0.050 0.050 0.050 0.050 1.050 0.050 0.050 0.050 0.050 0.050
0.050 2.050 0.050 0.050 501.050 0.050 0.050 0.050 210.050 0.050 0.050 3.050 0.050 472.050 114.050 0.050 1.050 109.050 69.050 0.050 0.050
0.050 0.050 0.050 3.050 112.050 0.050 0.050 0.050 1.050 264.050 0.050 0.050 0.050 0.050 2.050 982.050 0.050 121.050 0.050 0.050 0.050
0.050 23.050 0.050 0.050 83.050 0.050 9.050 0.050 2.050 1.050 0.050 0.050 1010.050 0.050 0.050 0.050 40.050 316.050 1.050 0.050 0.050
0.050 0.050 0.050 1.050 0.050 0.050 0.050 0.050 0.050 0.050 0.050 0.050 1482.050 0.050 0.050 0.050 2.050 0.050 0.050 0.050 0.050
0.050 151.050 0.050 0.050 0.050 0.050 0.050 0.050 35.050 0.050 0.050 1.050 0.050 0.050 890.050 1.050 0.050 403.050 5.050 0.050 0.050
0.050 0.050 0.050 0.050 0.050 1.050 0.050 0.050 1072.050 0.050 1.050 0.050 0.050 0.050 0.050 0.050 0.050 0.050 412.050 0.050 0.050
0.050 0.050 0.050 115.050 0.050 0.050 0.050 0.050 0.050 0.050 1295.050 76.050 0.050 0.050 0.050 0.050 0.050 0.050 0.050 0.050 0.050
0.050 0.050 0.050 0.050 1469.050 0.050 15.050 0.050 0.050 0.050 1.050 0.050 0.050 0.050 1.050 0.050 0.050 0.050 0.050 0.050 0.050
0.050 107.050 0.050 478.050 892.050 0.050 0.050 0.050 0.050 1.050 0.050 0.050 2.050 6.050 0.050 0.050 0.050 0.050 0.050 0.050 0.050
0.050 0.050 0.050 12.050 0.050 0.050 3.050 0.050 0.050 0.050 0.050 0.050 1340.050 0.050 0.050 0.050 130.050 1.050 0.050 0.050 0.050
0.050 0.050 0.050 0.050 0.050 0.050 115.050 0.050 8.050 1.050 1.050 634.050 293.050 0.050 0.050 0.050 0.050 86.050 348.050 0.050 0.050
0.050 1.050 0.050 626.050 756.050 0.050 2.050 0.050 0.050 0.050 0.050 0.050 0.050 99.050 2.050 0.050 0.050 0.050 0.050 0.050 0.050
0.050 98.050 0.050 0.050 1.050 0.050 0.050 0.050 3.050 0.050 0.050 0.050 0.050 0.050 0.050 0.050 0.050 0.050 1384.050 0.050 0.050
0.050 0.050 0.050 0.050 1369.050 0.050 0.050 0.050 0.050 0.050 0.050 0.050 0.050 0.050 1.050 9.050 0.050 106.050 0.050 0.050 0.050
0.050 0.050 0.050 0.050 0.050 115.050 0.050 0.050 1006.050 0.050 0.050 1.050 0.050 0.050 0.050 0.050 0.050 0.050 363.050 0.050 0.050
0.050 0.050 0.050 0.050 0.050 23.050 0.050 0.050 236.050 11.050 0.050 1.050 0.050 0.050 0.050 104.050 0.050 4.050 116.050 989.050 1.050
0.050 0.050 0.050 0.050 0.050 0.050 0.050 0.050 0.050 0.050 0.050 1.050 0.050 7.050 0.050 0.050 106.050 1371.050 0.050 0.050 0.050
0.050 0.050 0.050 0.050 2.050 0.050 0.050 0.050 0.050 1086.050 0.050 0.050 0.050 115.050 0.050 281.050 1.050 0.050 0.050 0.050 0.050
0.050 0.050 1.050 0.050 888.050 1.050 11.050 65.050 6.050 0.050 229.050 84.050 106.050 0.050 0.050 1.050 0.050 59.050 2.050 0.050 32.050
0.050 0.050 0.050 0.050 0.050 0.050 1484.050 0.050 0.050 0.050 0.050 0.050 0.050 0.050 0.050 1.050 0.050 0.050 0.050 0.050 0.050
0.050 106.050 0.050 27.050 1341.050 0.050 0.050 0.050 0.050 1.050 0.050 0.050 0.050 0.050 0.050 0.050 10.050 0.050 0.050 0.050 0.050
0.050 0.050 0.050 0.050 115.050 0.050 2.050 0.050 0.050 303.050 0.050 0.050 0.050 0.050 0.050 1060.050 0.050 1.050 0.050 0.050 0.050
0.050 0.050 0.050 0.050 2.050 0.050 0.050 0.050 1.050 1258.050 0.050 0.050 0.050 0.050 0.050 224.050 0.050 0.050 0.050 0.050 0.050
0.050 0.050 0.050 0.050 2.050 0.050 0.050 0.050 336.050 890.050 0.050 33.050 5.050 0.050 1.050 0.050 0.050 103.050 116.050 0.050 0.050
0.050 0.050 1.050 0.050 0.050 0.050 0.050 0.050 1.050 0.050 1483.050 0.050 0.050 0.050 0.050 0.050 0.050 0.050 0.050 1.050 0.050
0.050 0.050 0.050 1.050 0.050 0.050 0.050 0.050 0.050 527.050 1.050 0.050 0.050 0.050 9.050 948.050 0.050 0.050 0.050 0.050 0.050
0.050 0.050 0.050 0.050 0.050 0.050 0.050 1.050 0.050 0.050 0.050 0.050 0.050 1484.050 0.050 0.050 1.050 1.050 0.050 0.050 0.050
0.050 0.050 1.050 0.050 0.050 0.050 0.050 0.050 3.050 80.050 0.050 0.050 0.050 0.050 0.050 1289.050 1.050 0.050 112.050 1.050 0.050
0.050 0.050 1.050 0.050 0.050 0.050 0.050 0.050 0.050 0.050 0.050 0.050 0.050 0.050 0.050 0.050 0.050 0.050 0.050 1486.050 0.050
0.050 23.050 0.050 0.050 0.050 0.050 0.050 0.050 201.050 32.050 1012.050 124.050 0.050 1.050 0.050 83.050 0.050 7.050 4.050 0.050 0.050
0.050 0.050 0.050 1482.050 1.050 0.050 3.050 0.050 0.050 0.050 0.050 0.050 0.050 0.050 0.050 0.050 0.050 0.050 0.050 0.050 1.050
0.050 1468.050 9.050 0.050 0.050 0.050 0.050 0.050 1.050 0.050 0.050 0.050 0.050 1.050 0.050 0.050 7.050 0.050 0.050 0.050 0.050
0.050 0.050 0.050 0.050 1.050 0.050 0.050 0.050 0.050 2.050 0.050 0.050 0.050 0.050 0.050 1483.050 0.050 0.050 0.050 0.050 0.050
0.050 0.050 0.050 0.050 0.050 0.050 0.050 0.050 283.050 2.050 0.050 114.050 0.050 0.050 1.050 0.050 0.050 532.050 555.050 0.050 0.050
0.050 0.050 124.050 0.050 0.050 114.050 0.050 0.050 1.050 0.050 0.050 0.050 0.050 0.050 0.050 0.050 0.050 0.050 0.050 0.050 1248.050
0.050 185.050 24.050 0.050 0.050 0.050 0.050 0.050 0.050 19.050 1.050 0.050 0.050 0.050 0.050 96.050 1162.050 0.050 0.050 0.050 0.050
0.050 0.050 0.050 1369.050 116.050 0.050 0.050 0.050 0.050 0.050 0.050 0.050 2.050 0.050 0.050 0.050 0.050 0.050 0.050 0.050 0.050
0.050 0.050 0.050 0.050 0.050 0.050 115.050 457.050 0.050 0.050 0.050 0.050 0.050 891.050 0.050 0.050 0.050 0.050 0.050 0.050 24.050
0.050 100.050 0.050 0.050 0.050 0.050 0.050 1.050 1.050 0.050 813.050 63.050 0.050 0.050 385.050 115.050 0.050 0.050 9.050 0.050 0.050
0.050 1326.050 0.050 115.050 0.050 0.050 1.050 0.050 0.050 0.050 0.050 0.050 0.050 0.050 0.050 0.050 41.050 3.050 0.050 0.050 0.050
0.050 0.050 0.050 0.050 0.050 0.050 0.050 0.050 100.050 0.050 1371.050 1.050 0.050 1.050 0.050 0.050 0.050 0.050 14.050 0.050 0.050
1.050 6.050 0.050 0.050 0.050 0.050 2.050 0.050 0.050 1096.050 0.050 0.050 0.050 0.050 1.050 381.050 0.050 0.050 0.050 0.050 0.050
1.050 197.050 0.050 89.050 913.050 0.050 2.050 0.050 0.050 0.050 3.050 0.050 1.050 0.050 0.050 0.050 157.050 0.050 1.050 123.050 0.050
1.050 0.050 0.050 0.050 0.050 1483.050 0.050 0.050 0.050 1.050 1.050 0.050 0.050 0.050 0.050 0.050 0.050 0.050 0.050 0.050 1.050
0.050 0.050 0.050 0.050 0.050 0.050 0.050 0.050 19.050 1372.050 3.050 0.050 0.050 0.050 0.050 0.050 0.050 0.050 93.050 0.050 0.050
0.050 97.050 0.050 554.050 817.050 0.050 1.050 0.050 0.050 0.050 9.050 0.050 0.050 0.050 6.050 0.050 2.050 0.050 1.050 0.050 0.050
0.050 0.050 0.050 0.050 0.050 1372.050 0.050 0.050 0.050 0.050 0.050 0.050 0.050 0.050 0.050 0.050 0.050 0.050 0.050 0.050 115.050
0.050 1480.050 0.050 0.050 0.050 0.050 2.050 0.050 0.050 0.050 0.050 0.050 0.050 2.050 0.050 0.050 1.050 0.050 1.050 0.050 0.050
0.050 1063.050 0.050 0.050 0.050 0.050 0.050 0.050 0.050 0.050 0.050 0.050 0.050 2.050 0.050 0.050 420.050 1.050 0.050 0.050 0.050
0.050 1.050 0.050 0.050 0.050 0.050 1484.050 0.050 0.050 1.050 0.050 0.050 0.050 0.050 0.050 0.050 0.050 0.050 0.050 0.050 0.050
0.050 0.050 0.050 0.050 0.050 0.050 0.050 0.050 0.050 475.050 0.050 0.050 0.050 0.050 0.050 1009.050 0.050 0.050 0.050 0.050 0.050
0.050 0.050 0.050 0.050 0.050 0.050 0.050 0.050 1.050 588.050 0.050 0.050 0.050 0.050 0.050 895.050 0.050 0.050 0.050 0.050 0.050
