-0.009800
0.007944
-0.078577
-0.013132
-0.021147
-0.064734
-0.013852
0.032792
-0.076712
-0.009251
0.045930
-0.113654
-0.010947
0.051747
-0.112122
0.007353
0.014105
-0.071394
0.009274
0.006160
-0.061110
0.025039
-0.021016
-0.058935
0.068015
-0.220382
-0.102374
0.024714
-0.009932
-0.067849
0.010799
0.036744
-0.091071
0.038816
-0.027607
-0.058099
0.028663
-0.076631
-0.023239
0.032210
0.014411
-0.077625
0.004431
-0.061862
-0.072692
0.008380
0.044252
-0.023826
-0.048661
0.034882
0.197291
-0.097380
0.162447
0.214976
-0.181137
0.217800
0.230843
-0.137294
0.305512
0.262971
-0.160292
0.218175
0.200033
-0.087051
0.180495
0.128319
0.002637
0.167128
0.090462
-0.042080
0.057470
0.021478
0.031228
0.042622
-0.036824
-0.002719
-0.067563
-0.055086
0.015794
-0.030972
-0.042889
0.065850
-0.003214
-0.011218
0.000110
-0.014262
-0.009253
-0.005673
-0.001567
-0.015889
0.004123
-0.017751
-0.023372
0.010424
-0.044197
-0.013738
-0.001000
0.001074
-0.034194
-0.001557
-0.008624
-0.025970
0.046578
-0.047330
0.032822
0.002588
-0.016377
-0.018859
0.000380
-0.016043
-0.039184
0.032449
-0.061938
-0.008437
0.005787
-0.047749
-0.047059
0.049367
-0.112469
0.030193
0.033349
-0.057649
0.075895
0.079272
-0.169636
0.062250
0.087460
-0.204239
0.069925
0.044810
-0.090539
0.062471
