0.024042
0.001687
0.037127
0.047623
-0.491770
-0.091527
0.021713
0.029203
0.018745
0.028435
0.029734
0.013509
0.031438
0.024238
0.032071
0.014284
0.002572
-0.014852
0.005000
0.000087
0.001116
-0.016518
-0.000962
0.005377
-0.036063
0.104519
0.025821
-0.014739
-0.021729
0.005924
0.004885
-0.011397
-0.002814
-0.001243
-0.026900
0.009615
-0.006522
-0.014404
0.039947
0.004682
-0.010186
-0.039062
0.014400
0.012820
-0.099201
0.134227
0.045268
-0.130432
-0.020213
-0.070696
-0.361450
-0.049892
-0.136624
-0.090402
0.151786
-0.079370
0.021411
0.145574
0.041088
0.279094
0.094366
0.442589
0.063134
0.084711
0.242256
0.003413
0.059139
-0.017731
-0.066770
-0.042012
0.029610
0.045520
-0.017265
-0.043913
-0.063114
-0.047000
-0.009318
-0.013845
-0.001937
-0.008669
-0.011956
-0.005493
-0.016349
-0.024802
0.003455
-0.005028
-0.014664
0.004842
0.001889
-0.001362
-0.003083
-0.001158
0.010220
-0.011472
-0.001718
0.007150
0.000068
-0.000892
0.021451
0.001781
-0.013466
0.033221
-0.041184
-0.034676
-0.002810
-0.013661
0.010965
0.040167
-0.000023
0.024350
0.015835
-0.042135
-0.013595
0.056993
-0.012150
-0.017987
0.079123
-0.070593
-0.020773
0.045883
-0.075402
-0.020418
-0.005203
-0.127690
-0.004334
0.037654
-0.145242
0.053654
-0.003638
-0.064341
-0.019402
0.002394
