0.054133
-0.018876
-0.051904
0.088458
-0.298064
-0.142983
0.037478
0.017651
-0.043904
0.035102
0.019457
-0.069896
0.029217
0.015579
-0.023241
0.019944
0.026834
0.000061
0.017547
0.027404
0.003149
0.016798
0.026243
0.005214
-0.023124
0.013063
0.021028
0.017995
0.025801
0.004870
0.027284
0.053743
-0.046590
0.038812
0.027118
0.001133
0.006983
0.002913
0.031702
0.031347
0.086245
-0.056880
0.012813
0.032852
-0.078903
0.077212
0.166646
-0.046731
-0.011649
0.202998
-0.000469
-0.017205
0.054755
0.165745
-0.103448
0.131648
0.089520
-0.104950
-0.028135
-0.046568
-0.057247
-0.126235
-0.011345
-0.041445
-0.292588
0.082257
0.057939
-0.597737
0.288636
-0.167700
-0.082905
0.042657
-0.125294
0.017978
0.027323
-0.041889
0.026260
-0.027958
0.005227
0.039322
-0.006831
0.014700
0.050259
0.016498
0.014747
0.047784
-0.005673
0.022597
0.038701
0.002952
0.018895
0.036717
0.007781
0.016886
0.039579
0.009497
0.020823
0.030165
0.000832
0.033539
0.021569
-0.004890
0.014227
0.019492
-0.000346
0.031608
0.020167
-0.009321
0.041768
0.031208
-0.034159
0.015224
-0.034448
0.009164
-0.042886
-0.011693
-0.045523
-0.007059
-0.020987
0.018397
0.023414
-0.061038
-0.028090
-0.045574
0.000452
0.010220
-0.085214
0.113315
-0.011849
-0.036435
0.047911
0.002279
