0.018244
0.069400
-0.007806
0.015715
-0.227630
-0.124033
0.004830
0.034965
0.001807
0.028150
0.041094
0.009798
0.035017
0.016186
0.016167
0.067087
-0.067960
0.039026
0.043509
-0.044495
0.032989
0.043432
-0.035157
0.030720
0.021070
0.004343
-0.024880
0.039112
0.007181
0.024795
0.040657
0.022764
0.001765
0.042594
0.021348
0.015908
-0.001159
-0.029399
-0.005465
0.039833
0.055127
0.012423
0.062754
0.041796
0.014459
0.089996
0.117449
0.027628
0.048233
0.073728
-0.026053
-0.003599
0.097057
-0.040444
-0.099901
0.014345
-0.059987
-0.058812
0.056412
-0.063024
-0.141765
-0.012616
-0.158590
-0.268568
-0.020687
-0.088435
-0.604107
0.137142
-0.256403
-0.059849
-0.237673
0.059151
-0.038400
-0.101957
0.069824
0.025405
-0.066083
0.036076
0.028629
-0.068726
0.038320
0.045317
-0.052866
0.033355
0.013813
-0.082452
0.034228
0.007816
-0.062004
0.033692
0.012276
-0.045184
0.023558
0.013645
-0.060979
0.026188
0.006335
-0.004855
0.022947
-0.004889
0.019386
0.015710
0.107846
0.009097
0.096489
-0.007419
0.026106
-0.006306
-0.007807
0.027394
-0.017390
0.049206
0.060991
0.008646
0.074772
0.047745
0.044560
0.071196
0.058386
0.034777
0.106895
0.047484
0.072000
-0.009840
0.109982
-0.000272
-0.005468
0.117819
0.009085
0.077867
-0.139220
0.012729
