-0.017809
-0.081313
-0.013159
0.021271
-0.249530
-0.045117
-0.032681
-0.052267
-0.008341
-0.055981
-0.067673
0.001371
-0.067529
-0.040736
0.010866
-0.071179
0.026193
0.015110
-0.055239
0.016509
0.012817
-0.050546
0.012037
0.014085
-0.023520
0.023497
0.059798
-0.048311
-0.004993
0.021266
-0.060432
-0.016565
0.018276
-0.049758
0.011208
0.010503
-0.071633
-0.032098
0.025606
-0.053412
0.068221
0.020415
-0.041269
0.030688
0.053384
-0.036086
0.173513
0.109756
-0.027977
0.246663
0.208737
0.111463
0.193539
0.189278
0.107655
0.116388
0.162009
0.080815
0.029086
0.113741
0.080963
-0.106092
-0.060941
0.147487
-0.054088
-0.231995
0.302888
0.105169
-0.455523
0.107569
-0.189368
-0.135381
0.057837
-0.088353
-0.131027
-0.010324
-0.010061
0.004896
-0.039595
0.028401
0.003469
-0.068595
0.004570
-0.019890
-0.039111
0.052401
0.028629
-0.037199
0.033536
0.013280
-0.027390
0.011696
0.008460
-0.020894
0.017070
0.012483
-0.025158
-0.009575
0.001940
-0.015404
-0.015211
-0.004620
0.029387
0.008138
0.040523
0.005537
-0.047119
-0.013126
-0.011751
-0.062460
-0.010406
0.031172
-0.038463
-0.008250
-0.016562
-0.032097
-0.034511
0.047232
0.005350
0.000742
-0.000761
-0.025112
-0.041933
0.038390
0.041543
-0.010340
0.025268
0.090278
0.013167
0.038235
0.035809
0.017112
