-0.028030
0.014737
-0.015829
-0.106695
-0.378511
-0.094434
-0.020497
0.047536
-0.028880
-0.014008
0.056723
-0.049419
-0.009486
0.060646
-0.051365
-0.006406
0.040109
-0.019955
0.004723
0.032060
-0.020621
0.028148
0.011719
-0.019850
0.151195
-0.251123
0.045627
0.027662
0.021081
-0.026320
0.010811
0.057825
-0.040081
0.038878
0.002693
-0.017556
0.064639
-0.001758
-0.005766
0.032680
-0.021817
-0.039382
0.005384
-0.048248
-0.041916
-0.025969
-0.069392
-0.024569
-0.028077
-0.091673
0.069117
-0.090901
0.041512
-0.000823
-0.100104
-0.085495
-0.119184
-0.068453
-0.092074
-0.008458
0.012150
-0.349870
0.119245
0.057236
-0.058872
0.100332
0.081211
0.344743
0.182880
0.218374
0.038378
-0.040369
0.157386
0.048741
0.055798
0.132242
0.008488
0.044753
0.038950
0.010554
0.026378
0.049327
0.013581
0.005200
0.005578
0.009367
0.044815
-0.004147
0.022714
0.018545
0.001979
0.027063
0.007964
0.006758
0.027601
0.007585
-0.002740
0.032348
-0.007162
-0.009732
0.025763
0.003898
-0.003212
-0.011677
0.012949
-0.007904
0.020885
0.016802
-0.004716
0.020522
0.002990
-0.019712
-0.006909
0.020207
-0.023686
0.002869
0.007774
-0.048834
0.007340
0.009540
-0.190689
0.136316
0.067896
-0.156607
0.051619
-0.035405
-0.209969
0.229648
-0.117849
-0.040321
-0.008765
-0.030685
