0.041229
-0.039745
0.043161
0.078357
-0.211407
-0.071154
0.046950
-0.057633
0.042999
0.051824
-0.051837
0.037766
0.050002
-0.057971
0.037820
0.028831
-0.053953
0.029777
0.017662
-0.047814
0.031112
-0.003315
-0.028053
0.027656
-0.151901
0.202704
-0.113811
-0.003401
-0.024412
0.043637
0.010898
0.050810
-0.076917
-0.042896
0.014702
0.028483
-0.122282
-0.015150
-0.006581
-0.042495
0.030664
0.081373
0.091408
-0.042390
0.127985
0.082826
0.134779
0.131734
0.155155
0.214915
-0.052082
-0.018868
0.307680
-0.199124
-0.012197
0.119621
-0.248420
-0.056662
0.101586
-0.184400
-0.000839
-0.058231
-0.089394
-0.005589
0.080979
0.015227
0.045772
0.153530
0.166416
0.098464
0.275414
0.024661
0.008010
0.114029
0.095350
-0.013057
0.065139
0.031824
-0.021016
-0.012912
0.007265
-0.027406
-0.024012
0.002582
0.016237
-0.040259
-0.036587
0.018566
-0.048553
-0.009587
0.008577
-0.044901
-0.002331
0.005140
-0.041062
-0.008348
0.010819
-0.042246
0.015478
-0.001446
-0.032477
0.016627
0.004995
-0.036528
0.012003
0.012301
-0.057099
0.021914
0.007030
-0.062436
0.045425
-0.016338
-0.055055
0.001236
-0.059612
-0.037292
-0.005970
-0.029702
-0.091471
-0.031369
-0.170453
-0.039926
-0.214768
0.071792
-0.141495
0.009330
0.076601
-0.205462
0.074442
-0.062783
-0.009651
0.038576
