-0.008896
-0.013646
-0.035624
0.024156
0.045547
0.014133
-0.021505
0.010282
-0.031732
-0.030880
0.010144
-0.059888
-0.038561
0.027083
-0.055014
-0.012097
0.003922
-0.015336
-0.011736
0.007169
-0.019545
0.011122
-0.009727
-0.020083
0.083876
-0.131418
0.036516
0.015416
-0.020180
-0.052993
-0.010217
-0.026194
-0.009016
0.068045
-0.084024
-0.018688
0.126700
-0.021705
0.010696
0.066765
-0.097473
-0.014236
0.001763
-0.097580
-0.020639
-0.017018
-0.118186
0.033564
0.087618
-0.033142
0.211279
0.178908
0.015957
0.140619
0.009248
-0.058120
0.022479
-0.003549
0.104974
-0.141460
0.044841
0.249185
-0.224070
-0.011557
0.089543
-0.119829
-0.157046
-0.187319
-0.010474
0.038646
0.052534
-0.030244
0.032344
0.010651
-0.019617
-0.009970
-0.006204
0.015810
0.004961
0.009408
0.023014
-0.000534
0.012873
0.003209
-0.012898
0.022501
0.046701
-0.013688
0.020712
0.028375
-0.001309
0.000637
0.020660
0.016551
-0.005664
0.035068
-0.005760
-0.004491
-0.003526
0.005214
-0.027777
0.006120
-0.020421
-0.077716
-0.005639
-0.001703
-0.016846
0.014504
-0.000225
-0.008417
0.011000
-0.012637
-0.026225
0.022603
0.006106
-0.037557
0.039706
-0.021459
-0.017594
0.029949
-0.477648
0.225977
-0.322552
0.023597
0.049879
0.050765
-0.030281
0.204183
0.185413
-0.123199
0.047826
0.188825
