0.005955
0.028710
0.009555
-0.015825
-0.076556
0.017067
0.026575
0.012250
-0.003116
0.031597
0.004809
0.033159
0.043880
-0.006040
0.028613
0.038791
-0.013525
0.007242
0.026650
-0.001918
0.002289
0.013472
0.012439
0.004590
0.036559
-0.114578
0.091119
0.008944
0.021308
0.033245
0.042220
0.006041
0.040042
-0.016969
0.071206
0.003082
-0.024901
0.128821
0.015187
-0.019811
0.108665
-0.032892
-0.020084
0.095037
-0.030146
0.008021
0.127829
-0.047123
-0.107593
0.041848
-0.032353
-0.051495
-0.126315
0.092251
0.039244
-0.121896
0.053439
0.083637
-0.327921
0.153775
0.069773
-0.171269
0.250376
-0.007121
-0.039157
0.151595
-0.159561
0.106121
-0.073619
-0.147239
-0.092378
0.069397
-0.042755
0.002507
-0.031134
-0.027175
-0.019950
-0.039846
0.016049
0.000044
-0.027148
0.027335
0.016485
-0.011420
0.012759
-0.002070
-0.033401
0.015993
-0.003762
-0.031966
0.012723
0.001641
-0.029221
0.004411
-0.003312
-0.031230
0.013443
0.004715
-0.024165
0.008835
0.022105
-0.032788
0.054700
0.032904
-0.033752
0.004234
0.028043
-0.037340
0.017243
0.046335
-0.007460
-0.034989
0.043972
-0.057870
-0.084891
0.048889
-0.079012
0.004872
0.025730
-0.049511
-0.247871
0.049195
-0.442208
0.177355
-0.008995
0.018409
0.255960
-0.252013
0.135613
-0.047574
-0.039877
0.031216
