0.023923
0.023225
0.019259
0.020093
0.127017
0.044089
0.028336
-0.007683
0.024879
0.044512
0.002221
0.013187
0.049586
-0.021994
0.039544
0.018167
-0.016783
0.017128
0.021770
-0.017893
0.017464
0.023199
-0.028856
0.016463
-0.070229
0.069537
-0.168824
0.023140
-0.019723
0.008985
0.008421
0.060120
-0.108571
-0.006723
0.007356
-0.000238
-0.086564
-0.055500
-0.081045
0.001519
-0.038770
0.004156
0.067145
-0.099050
-0.009476
0.060096
-0.011196
-0.023805
-0.137782
-0.069519
-0.189503
-0.355976
0.043426
-0.105044
-0.209280
0.048674
-0.119469
-0.170264
0.078371
0.067837
-0.144495
-0.008308
0.083324
-0.001705
-0.064527
0.000803
0.322927
-0.024219
-0.078735
0.007128
-0.238501
-0.043245
0.003476
-0.197591
-0.044788
0.020003
-0.139520
-0.019713
0.046383
-0.072446
0.009340
0.084858
-0.065294
0.038599
0.023221
-0.043364
0.061085
0.019607
-0.024857
0.051631
0.021201
-0.017504
0.046854
0.029529
-0.015958
0.052473
0.018395
-0.002011
0.041143
0.015303
0.006969
0.037285
-0.045404
-0.005079
0.011490
0.008900
0.022899
0.023249
0.001174
0.013712
0.005458
0.037902
0.084919
0.027114
0.125598
0.061118
0.111349
0.033974
0.086422
0.011224
-0.101733
0.163788
-0.132587
0.132920
0.138690
0.023758
0.106306
0.182518
0.120659
-0.037274
0.170483
0.192258
