0.023434
-0.023181
-0.046419
-0.025071
0.256033
-0.075140
-0.009013
-0.000638
-0.025019
-0.020598
-0.000722
-0.052238
-0.036200
0.020047
-0.037033
-0.022677
0.019223
0.028407
-0.003500
0.009283
0.023865
0.020996
0.015199
0.019484
-0.044234
0.346244
-0.097023
0.028103
0.012656
-0.018297
-0.003933
-0.021819
0.039590
0.129791
-0.025176
-0.013875
0.063704
-0.056343
-0.005207
0.126425
-0.023823
-0.022373
0.160148
-0.039730
-0.012262
0.220843
0.046949
-0.048182
0.117921
-0.065825
-0.121825
0.104164
-0.039468
0.051716
-0.010601
-0.059072
0.248047
-0.089126
-0.008620
0.250497
-0.130583
-0.202633
0.002938
-0.074832
-0.072709
-0.049961
0.008237
0.212823
-0.066912
-0.012277
-0.108976
0.044532
-0.095837
0.069636
0.144816
0.020659
0.141154
0.102300
-0.018803
0.062340
0.073029
-0.061047
0.043682
0.029680
-0.007705
0.034722
0.030825
0.006041
0.014812
0.032944
0.014688
0.021257
0.018196
0.035676
0.029961
0.028668
0.012212
0.004112
-0.014683
0.033449
-0.010421
-0.025577
0.004405
-0.035580
-0.023115
0.021132
0.002777
-0.033488
0.036313
0.015853
-0.076374
-0.009007
-0.083792
-0.009646
-0.019518
-0.062258
-0.055798
-0.055681
-0.125083
-0.001454
-0.110139
-0.155724
-0.165661
-0.147172
-0.146968
0.016516
-0.258848
0.076236
0.023063
-0.135016
0.024516
0.050449
