0.026663
0.025014
-0.021122
0.201358
0.240400
0.012639
0.017713
0.027222
-0.020257
0.021624
0.033683
-0.051063
0.019868
0.043530
-0.049748
0.011426
0.023551
-0.069125
-0.002960
0.011891
-0.030022
-0.013995
-0.021616
-0.020908
-0.075042
-0.004579
0.004928
-0.012391
-0.045869
-0.012367
-0.004668
0.017213
-0.077573
-0.033674
-0.038233
-0.008799
-0.177880
-0.233688
-0.051919
-0.035473
0.047667
-0.029260
-0.032757
0.018153
-0.021047
0.027554
0.161992
-0.006772
-0.125248
0.219958
0.071891
-0.053351
0.092283
0.152792
-0.005491
-0.167246
-0.179764
0.083959
-0.264961
0.008223
0.169708
0.100663
0.106727
0.058230
0.147386
0.113695
-0.108651
0.119429
0.117073
-0.034908
0.104429
0.013977
0.011380
0.026260
-0.046555
-0.054687
-0.063021
-0.041421
-0.005177
-0.013850
-0.027437
0.002470
0.001325
-0.063562
-0.011913
0.007515
-0.004523
-0.004233
0.012688
0.005708
-0.000958
-0.014073
0.010255
-0.003201
-0.026097
0.012715
-0.000048
-0.010657
0.017888
0.007505
-0.026462
0.025347
0.129938
-0.016660
0.139689
0.029826
-0.055407
0.027257
0.010128
-0.072783
0.009103
0.096086
-0.078984
0.050715
0.063845
-0.072127
0.000093
0.092962
-0.035671
0.074305
0.145497
-0.180505
-0.132746
-0.040208
0.065070
0.026024
-0.154419
0.371405
-0.029933
0.037022
0.054798
0.075005
