0.038159
-0.027369
0.055667
0.072027
0.154854
0.073504
0.023384
-0.006288
0.046464
-0.005997
-0.021884
0.062519
-0.028711
0.020359
0.026258
-0.092327
0.077640
-0.049137
-0.046068
0.036816
-0.036025
-0.037142
-0.003831
-0.028135
0.068463
-0.434436
0.234651
-0.038580
-0.025420
-0.008603
-0.058830
-0.076998
0.080060
0.001835
-0.059521
0.001508
0.011797
-0.176802
0.042601
0.004825
-0.025058
-0.034648
-0.002857
0.054315
-0.035885
0.083943
0.044586
-0.017212
0.168155
0.095226
-0.247535
0.043165
0.076026
-0.298432
0.101652
0.370004
-0.024425
0.057973
0.110060
-0.027777
-0.062372
-0.011182
0.073084
-0.063642
-0.020108
0.048818
0.025839
0.083259
0.021991
-0.124068
-0.186072
0.021592
-0.144235
-0.037985
0.038059
-0.011437
0.086561
0.003233
-0.039431
0.089583
-0.007458
-0.077721
0.068829
-0.059449
-0.012511
0.101915
-0.008552
0.002320
0.061918
-0.004766
0.004317
0.029673
0.003541
-0.005162
0.044495
-0.006956
0.011041
-0.008126
0.014773
0.012479
-0.024975
0.029556
0.026925
-0.041460
0.045337
0.029916
-0.048080
0.050984
0.021227
-0.059416
0.067156
0.038046
-0.021377
0.037820
0.018881
-0.023429
0.028106
0.026160
0.020748
0.004638
-0.116720
-0.000438
-0.135075
-0.033441
0.009540
-0.017115
-0.035719
0.053347
-0.129809
0.079625
0.023248
-0.115292
