0.031341
-0.021045
-0.041641
0.075408
0.104694
-0.017856
0.026623
-0.021102
-0.037730
0.026644
-0.019619
-0.045256
0.009434
-0.021103
-0.002866
0.035152
-0.048133
0.053800
0.014017
-0.029093
0.048666
-0.003231
0.006497
0.045086
0.065640
-0.039632
-0.022050
-0.001462
-0.018603
0.040426
0.029876
-0.101259
0.131306
0.070384
-0.006127
0.012371
0.173105
0.169086
0.174034
0.049069
0.041254
-0.080990
0.044864
-0.013995
-0.062072
0.065612
0.087206
-0.048043
0.025464
0.078228
0.023386
-0.106683
0.012800
-0.019908
-0.133168
-0.048542
-0.247115
-0.056371
-0.133048
-0.143427
-0.020602
0.053216
0.055897
-0.008612
0.087868
-0.007760
0.195566
0.025934
-0.275246
-0.250282
0.035311
0.058946
-0.120594
0.080301
-0.011163
-0.167692
-0.031942
-0.047777
-0.014151
-0.010314
-0.004824
0.055562
0.035916
0.108656
-0.001392
-0.008978
-0.009430
0.003522
-0.022680
-0.007217
0.007267
-0.028836
-0.009355
0.004988
-0.026311
-0.010947
0.009017
-0.043962
-0.013828
0.006978
-0.033872
-0.019345
0.173668
-0.053381
0.109531
0.012303
-0.051527
-0.018650
0.037463
-0.021035
0.002101
-0.038962
-0.133206
-0.026811
-0.246524
-0.078046
-0.205298
-0.019380
-0.088255
0.017552
-0.168116
0.171642
0.351595
-0.018853
-0.040350
-0.004387
-0.053496
0.023798
-0.013242
-0.101789
-0.038928
0.012917
