-0.008524
-0.055590
0.011809
-0.282923
0.031965
0.056034
-0.018013
-0.031227
0.008594
-0.044233
-0.044171
0.011821
-0.054860
-0.004509
0.005836
-0.028589
0.054216
-0.081776
-0.014952
0.028282
-0.052051
-0.010774
0.006225
-0.045875
-0.023014
0.242819
-0.233932
-0.008765
-0.011353
-0.029516
-0.031507
-0.142212
0.142673
-0.040436
0.009896
-0.038482
-0.133233
0.029730
-0.117688
-0.043907
0.018244
-0.002900
0.019736
0.016508
0.052714
-0.005932
0.046704
0.013901
0.110201
0.097918
-0.032864
0.104977
0.059779
-0.047388
0.183802
0.031345
0.003687
0.094516
0.018463
0.068650
0.071787
0.021819
0.175372
0.057814
-0.027096
0.121910
-0.165832
-0.049452
0.264521
0.048808
-0.257798
-0.043159
0.075372
-0.138971
-0.068823
0.134057
-0.048604
-0.053327
0.027060
0.009498
-0.068974
0.009250
-0.010880
-0.109963
0.003661
0.039387
-0.031177
0.008249
0.040426
-0.033805
0.010228
0.018335
-0.029719
0.020352
0.011305
-0.023791
0.013007
-0.002968
-0.028653
0.000344
-0.000288
-0.018002
0.170299
0.016063
0.116755
0.024599
-0.038209
-0.003769
0.009194
-0.062520
-0.010956
0.034212
-0.077328
0.005332
-0.076322
-0.057194
-0.078842
0.059584
-0.031610
0.036805
-0.232730
0.240376
0.287779
0.076610
-0.009824
0.034137
0.032555
0.062943
0.065933
0.052739
0.015473
0.029012
