0.051732
0.078802
-0.002711
0.463588
-0.017711
-0.230655
0.007049
0.055952
0.029213
0.019054
0.065617
0.030458
0.025754
0.033999
0.053461
0.040386
-0.057730
-0.056857
-0.001145
-0.037341
-0.036731
-0.025686
-0.041971
-0.033647
-0.112839
-0.001389
-0.072742
-0.028947
-0.032376
-0.007502
0.020432
-0.155221
0.164742
-0.022828
-0.033230
-0.017819
-0.045834
-0.087352
-0.054969
-0.013613
-0.017072
-0.030483
-0.071439
0.055821
-0.082518
0.017576
0.026401
-0.023684
0.121919
-0.026165
-0.033847
0.200734
-0.074866
0.054488
0.069016
-0.026029
0.230740
-0.055635
-0.066000
-0.010731
-0.060715
-0.193858
-0.042453
-0.042366
-0.015508
0.008720
0.072442
0.190122
0.136314
-0.068183
0.152017
-0.077714
-0.120597
-0.023600
-0.076029
-0.151992
-0.042155
-0.080976
-0.036393
-0.029385
-0.059341
-0.052429
-0.031125
-0.084254
-0.047829
-0.021749
-0.064917
-0.009062
-0.021908
-0.024673
-0.015877
-0.034028
-0.011298
-0.029292
-0.053307
-0.008576
-0.012105
-0.019094
0.004311
-0.019228
-0.008966
0.007103
-0.139169
-0.047625
-0.044712
-0.032295
0.019761
0.005432
-0.031003
0.043657
0.015528
0.004453
0.066807
0.016138
0.126716
0.042518
0.127565
-0.012167
0.068194
0.008051
-0.061020
0.237960
0.231978
0.081291
0.094847
0.030316
0.114730
0.015534
0.075601
0.001115
0.032943
0.112352
