0.006204
-0.012019
-0.003905
0.488697
0.139601
-0.375541
-0.000466
-0.017869
0.012109
-0.011669
-0.021698
-0.000124
-0.039518
0.006047
0.025083
-0.091737
0.083895
0.001671
-0.059878
0.048231
0.020542
-0.047392
0.033693
0.020903
0.054049
0.020115
-0.018571
-0.047847
0.009321
0.038025
-0.099050
0.057093
-0.070557
-0.011512
0.014667
0.027721
0.050771
0.220971
0.034278
-0.010711
-0.063166
0.109704
0.086777
-0.167727
0.150191
0.000884
-0.080382
0.116836
-0.013273
-0.026756
0.092894
-0.149750
0.087509
-0.040082
0.020163
-0.064031
-0.105787
0.051088
0.017468
0.153475
0.009571
0.034981
0.161963
0.023683
-0.023327
0.038231
-0.193804
-0.135845
-0.029237
0.087369
-0.160316
-0.035812
0.142594
-0.086848
-0.119713
0.092291
-0.017555
0.005102
0.005700
0.016139
-0.006421
-0.028665
-0.004456
-0.011820
-0.026705
0.040179
0.031735
-0.027424
0.037580
0.013890
-0.020502
0.035584
0.006308
-0.016524
0.054510
-0.000881
-0.018302
0.004992
0.007698
-0.000942
-0.016025
0.007412
-0.056608
0.013376
-0.089336
0.010115
-0.032889
0.009891
0.005051
-0.043682
0.040056
-0.020719
-0.024152
-0.010821
-0.012040
-0.034088
0.024678
-0.005776
-0.013505
-0.024195
-0.110922
0.010778
0.020751
-0.049002
-0.082027
-0.036990
-0.037790
-0.119504
-0.193720
-0.033578
0.034971
-0.173563
