-0.034769
0.058203
-0.001065
-0.093310
-0.118148
-0.264186
-0.028485
0.068629
0.008046
-0.035340
0.067618
0.005135
-0.037557
0.076839
0.006678
0.007383
0.033637
0.000693
0.014693
0.027240
0.001602
0.029784
0.024433
-0.001635
0.031959
0.035579
-0.070486
0.028809
0.031623
-0.019204
-0.007646
-0.140114
0.201826
0.060139
0.016383
-0.020257
-0.097249
-0.088201
-0.231007
0.063159
-0.087775
0.093407
0.143958
-0.150999
0.165961
-0.022374
-0.167994
0.099329
0.037047
0.006484
0.213445
0.084894
-0.051496
0.092050
0.011035
0.057892
-0.121703
0.070616
-0.110966
-0.242195
0.032098
0.183371
0.031418
-0.000237
0.100370
0.115810
0.223398
0.143076
0.037673
-0.272659
-0.281268
0.119507
-0.162582
-0.010768
0.137007
0.000165
-0.036795
-0.016889
0.017861
0.011516
0.013985
0.072885
0.048912
0.049549
0.021917
0.001265
0.014115
0.013186
0.011402
0.011076
0.012510
0.034377
0.003935
0.011801
0.034928
0.002261
0.010237
0.032261
-0.002874
-0.003996
0.044765
-0.001155
-0.109712
0.116642
-0.097818
-0.010944
0.054580
0.008670
-0.020572
0.049212
0.039558
-0.003707
0.049110
-0.000733
0.023172
0.044290
0.010535
-0.002425
0.020455
0.011032
0.096999
-0.086407
-0.110598
-0.018582
-0.016652
0.006864
-0.021152
-0.043970
0.001586
0.000244
-0.018913
-0.042367
