-0.047305
-0.043280
0.013833
-0.088586
-0.015548
0.201371
-0.035968
-0.022809
-0.013335
-0.031990
-0.022288
-0.017672
-0.034913
-0.018509
-0.030190
-0.077062
0.033768
-0.043782
-0.046743
0.005419
-0.031748
-0.027014
-0.011499
-0.033461
0.016318
0.166929
-0.082890
-0.019892
-0.055346
-0.062089
-0.086393
-0.012803
-0.132878
0.042088
-0.069133
-0.071763
0.227313
0.086247
0.091438
0.040742
-0.140435
-0.122603
0.107190
-0.360664
-0.135854
0.094140
-0.000189
-0.010179
0.047846
0.237857
-0.048411
-0.001298
0.047599
0.120961
0.050084
0.247464
-0.037688
0.091434
-0.111966
-0.103674
0.123972
-0.118059
0.231065
0.000115
-0.039953
0.119387
-0.133722
0.010193
-0.151648
-0.067333
0.107079
0.036810
0.002352
0.073430
-0.036506
-0.069856
-0.065693
-0.058014
-0.006825
-0.027448
-0.027774
-0.000211
-0.015051
-0.018212
-0.035252
-0.009195
0.004554
-0.022955
-0.004183
-0.005841
-0.014583
-0.005893
-0.014142
-0.008674
-0.002537
-0.010629
-0.015692
-0.011499
-0.015549
-0.024233
-0.032291
0.013670
-0.210270
-0.066646
-0.158707
-0.047232
0.012911
0.029700
-0.066445
-0.006774
-0.014024
-0.040115
0.072714
0.055256
0.133011
0.017167
0.254899
-0.051636
0.083876
0.043596
0.055929
0.039335
0.036960
-0.077021
0.106478
0.044725
-0.007207
-0.026993
0.038340
0.012559
-0.044847
-0.011490
