-0.022173
0.084725
0.002699
-0.168618
0.046190
-0.223252
-0.026199
0.058601
0.022482
-0.018433
0.061882
0.021081
-0.021924
0.052229
0.031683
0.002523
0.007879
0.032156
0.006641
0.012649
0.020678
0.022616
0.011047
0.019983
-0.080238
-0.060948
0.019116
0.024660
0.033165
0.000852
0.000789
-0.027760
0.079443
0.067814
0.027777
-0.002657
-0.176578
-0.214976
-0.197740
0.066065
-0.072167
0.050019
0.160112
-0.171492
0.090041
0.097354
-0.095440
0.045044
0.095917
-0.048282
-0.051964
0.001053
-0.036630
-0.046148
-0.002861
0.037683
0.064388
0.019812
0.006465
0.107800
-0.003619
-0.104323
0.165895
0.004188
-0.066479
0.020231
0.002475
-0.257467
-0.262372
0.039896
0.391757
-0.032462
0.090642
0.170379
-0.109551
-0.107145
-0.001602
-0.016363
-0.003306
-0.012026
0.003721
0.010998
-0.000009
0.055113
-0.003984
0.002431
0.019340
-0.003532
0.007032
0.023785
-0.010476
0.015014
0.027689
-0.017720
0.006655
0.024976
-0.011695
0.033612
0.028676
-0.027066
0.059775
0.022509
0.248803
0.060300
0.277046
-0.017197
0.047391
0.021646
-0.035300
0.024771
0.024253
0.037917
0.062537
0.028328
-0.016769
0.082475
-0.012331
0.049003
0.070275
0.044610
-0.050207
0.084421
-0.041362
-0.006245
0.079500
0.026920
0.034540
-0.018462
-0.080378
0.052430
-0.088654
-0.083517
