0.012549
-0.020109
0.014459
0.186453
0.034035
0.126029
0.040593
0.003628
-0.017060
0.045419
0.005964
-0.018209
0.042888
-0.003968
-0.005192
-0.046928
0.035047
0.013426
0.007297
-0.000657
0.003597
0.037177
-0.012667
-0.002815
0.038138
0.047207
0.052027
0.045886
-0.061890
-0.044606
-0.012846
-0.104097
-0.041409
-0.056058
0.006058
-0.067417
-0.281781
-0.096653
-0.289804
-0.056579
0.031851
-0.115975
-0.062020
-0.009806
-0.134745
-0.089872
0.071497
-0.075554
-0.206359
0.066022
-0.010103
-0.096485
-0.031533
0.127102
-0.032164
0.026561
0.014847
0.053450
-0.039231
-0.036265
0.040153
0.037114
-0.096321
0.013847
-0.031136
-0.016490
0.018253
-0.059917
-0.160554
0.058431
-0.024265
0.226829
0.054806
0.153059
0.279489
0.181580
0.192360
0.169259
0.037577
0.063370
0.105979
-0.000581
0.045848
0.075936
0.067914
0.015437
0.042420
0.053502
0.007341
0.028664
0.064643
0.015166
0.016584
0.064076
0.033991
0.008771
0.064461
-0.010649
-0.001930
0.055934
-0.013455
0.008545
-0.002100
-0.046318
-0.048889
0.042943
0.006037
0.031231
0.048348
0.022643
0.006151
0.027356
0.017895
0.054840
0.117076
-0.012513
0.148099
-0.004923
-0.020850
0.023528
-0.231220
0.157605
0.184622
-0.037159
-0.100350
0.027580
-0.012890
-0.160811
-0.041569
0.076953
-0.117727
-0.103393
