-0.024139
0.074706
0.070923
0.129272
-0.077901
0.227070
-0.027111
0.054894
0.065880
-0.039177
0.043875
0.105319
-0.043614
0.056274
0.083652
-0.069175
0.031370
-0.041290
-0.031560
0.012646
-0.055223
-0.009017
-0.002723
-0.055908
0.095807
-0.208441
-0.120861
-0.010473
0.001390
-0.048798
-0.061675
-0.172012
0.180569
0.058086
-0.014480
-0.056050
0.013978
-0.123869
-0.119192
0.053830
-0.019253
-0.027871
0.174199
-0.113783
0.029735
0.126091
0.121245
0.088108
0.111852
0.094668
-0.023620
-0.049329
0.031757
-0.016945
-0.056801
-0.116897
-0.088903
-0.058459
-0.106099
0.202579
-0.066959
0.023502
-0.064544
-0.018627
0.037033
-0.065265
-0.060812
-0.125134
-0.037577
0.151795
0.007531
0.083285
0.131713
0.091839
0.084675
0.158666
0.107229
0.047116
0.010555
0.040878
-0.008475
-0.011964
0.028645
-0.069865
-0.022089
0.020750
-0.021645
-0.020363
0.022665
-0.036651
-0.018959
0.016173
-0.037860
-0.006056
0.009522
-0.029017
-0.018986
-0.002318
-0.046289
-0.042532
0.008703
-0.031219
-0.143805
0.031928
-0.104350
-0.046709
0.015202
-0.009444
-0.031574
0.015301
0.056528
-0.128268
-0.009760
-0.062703
-0.256132
0.014262
-0.159973
-0.075930
0.037139
-0.046493
0.265559
0.015822
0.049713
0.076457
0.040873
-0.018261
0.077288
0.009822
0.130053
-0.118263
0.202298
0.150175
