-0.013916
0.011681
-0.047980
-0.273618
0.093076
-0.325037
-0.000602
0.011381
-0.037817
-0.004621
0.009789
-0.024550
-0.005437
0.016677
-0.028850
0.010569
0.019103
-0.032215
0.018379
0.010586
-0.034935
0.003264
0.014641
-0.036656
0.109787
0.055052
-0.062950
-0.001745
0.014978
-0.013225
-0.002293
-0.046446
0.051570
-0.069141
0.021772
-0.002630
0.146561
-0.448508
0.377340
-0.071120
0.097492
0.071623
0.003581
0.174403
0.131420
-0.077882
0.120846
0.048201
-0.153408
0.095658
0.003892
-0.081241
0.048938
-0.070685
0.016359
-0.070395
-0.050565
-0.022731
-0.089560
0.046163
-0.043627
0.042136
0.013977
-0.043401
0.040263
-0.004929
-0.016856
-0.085584
-0.087159
-0.008829
0.075713
0.045936
0.021304
0.066456
0.002009
0.068796
0.118925
-0.001519
0.017016
0.039110
-0.036317
-0.009216
0.012644
-0.062134
0.058975
0.021449
-0.057485
0.043557
0.016421
-0.047526
0.032944
0.011450
-0.037340
0.053910
0.025582
-0.031238
0.032000
-0.009946
-0.039059
0.020337
-0.014963
-0.026621
-0.207731
-0.108055
-0.187036
0.008837
0.004482
-0.020204
-0.000067
0.010229
-0.028475
0.023921
0.033912
-0.016961
0.136500
0.004069
0.090617
-0.006086
0.019476
-0.046966
-0.052940
0.154180
0.053499
0.036591
-0.020616
-0.052880
0.025768
-0.022711
-0.034659
-0.021639
0.074377
-0.022264
