-0.035342
0.000358
0.037472
0.212145
-0.046564
-0.036519
0.000414
0.003825
0.023003
0.002783
-0.000114
0.039565
0.003966
0.001261
0.045052
-0.007551
0.024872
-0.019265
-0.001746
0.017540
-0.020157
-0.014585
0.031201
-0.019767
0.001238
0.244699
-0.058692
-0.014664
0.013779
-0.023447
-0.029632
-0.043661
0.019951
-0.031837
0.017746
-0.027948
0.152257
-0.310546
0.236024
-0.036981
-0.059045
-0.099351
-0.142506
-0.104939
-0.172547
-0.130396
-0.150622
-0.073042
-0.099617
-0.110456
0.003937
-0.061500
-0.018940
0.086744
-0.015744
0.205210
0.027627
0.058017
0.061201
-0.146432
0.064754
0.001384
-0.019982
0.036178
-0.022830
-0.004118
-0.039131
0.081898
0.028473
0.032559
-0.116308
0.023645
0.058648
0.040717
0.061408
0.142288
0.017675
-0.015529
0.015980
0.013936
-0.040898
0.006544
0.011376
-0.038411
0.023215
-0.001061
-0.059133
0.005297
0.010883
-0.056056
0.000990
0.016519
-0.049099
0.009686
0.021354
-0.046020
0.001465
0.015916
-0.027235
-0.043564
0.053359
-0.013719
0.307101
-0.031662
0.326704
-0.046077
0.056932
0.003016
-0.037481
0.064223
0.042875
-0.088565
0.085555
-0.010776
-0.177608
0.112180
-0.083887
-0.095284
0.087968
-0.053950
0.063294
-0.020344
-0.109840
-0.028888
0.081480
-0.049647
0.029858
-0.118856
0.011367
-0.150543
0.147077
-0.024474
