0.009810
-0.113491
-0.021665
-0.027805
0.049495
-0.263247
0.032875
-0.101836
-0.056441
0.054228
-0.086239
-0.083104
0.083563
-0.099738
-0.132201
0.060545
-0.054093
-0.085923
0.055820
-0.051051
-0.080533
0.050489
-0.066793
-0.071921
0.094760
-0.094259
0.011440
0.048414
-0.058486
-0.042110
0.094746
0.106888
-0.248874
-0.084729
-0.028603
-0.018142
-0.089603
0.207690
-0.087219
-0.076355
-0.017256
0.083154
-0.013549
0.045758
0.146734
-0.107588
-0.111464
0.009223
-0.026029
-0.025222
-0.010481
0.081077
-0.060499
-0.128305
0.130745
0.185900
0.091576
0.121906
-0.036663
0.068795
-0.000828
-0.042737
0.039393
-0.048254
-0.055547
0.057608
-0.000674
0.001837
-0.149736
-0.065219
0.045807
0.179521
-0.032091
0.126968
0.174710
0.117259
0.065454
0.005857
0.062619
-0.009235
-0.033705
0.003666
-0.013467
-0.094822
-0.004087
-0.031186
-0.069318
0.039780
-0.035295
-0.059564
0.031530
-0.057349
-0.043916
0.033744
-0.067451
-0.037312
0.028858
-0.048541
-0.033152
-0.023322
-0.039948
0.012372
0.016406
-0.007376
0.045074
-0.012663
-0.052482
0.064716
-0.018348
-0.032661
0.095707
-0.089717
-0.048080
0.059275
-0.165663
-0.051119
0.052484
-0.066389
0.033496
0.060309
0.101094
-0.046999
0.095619
0.011291
0.133445
0.085859
0.001364
0.155206
0.180256
-0.168851
0.198695
0.178273
