-0.055912
0.030479
0.070216
-0.197819
0.095969
-0.308832
-0.007842
0.023924
0.057728
-0.005605
0.021981
0.075771
-0.011157
0.027171
0.070162
-0.015597
-0.015585
-0.048362
-0.019001
-0.039074
-0.014807
-0.041473
-0.044159
-0.013474
0.089019
-0.048626
0.006758
-0.044873
-0.088697
0.011552
-0.065002
-0.341198
0.275242
-0.043735
-0.056811
-0.022687
0.090618
0.402555
0.006842
-0.051476
-0.022493
-0.122367
-0.029315
-0.096722
-0.118226
-0.004868
0.097311
-0.052761
-0.138928
0.092377
-0.108844
-0.136636
0.020019
0.057753
-0.098120
0.036011
0.065385
-0.064314
-0.073080
0.001629
-0.019789
0.005910
-0.243852
-0.003606
0.017511
-0.067678
0.052671
-0.004330
0.086533
0.121325
0.060587
-0.014286
0.068765
-0.012608
0.018697
0.088845
0.021034
-0.018187
-0.010623
-0.034349
-0.047070
-0.022079
-0.058751
-0.095778
0.071774
-0.040337
-0.053485
0.028019
-0.026340
-0.037939
0.012831
-0.030045
-0.020329
0.000482
-0.024789
-0.034780
0.021992
-0.059351
0.010338
-0.011899
-0.052298
0.038927
0.110681
-0.031040
0.111586
-0.012348
-0.045363
0.074394
-0.039541
-0.064610
0.076538
0.044768
0.001808
0.087711
0.080341
-0.016700
0.152278
0.036454
-0.023104
0.056214
0.071562
-0.112540
-0.162433
-0.004450
-0.037433
0.023192
-0.018225
0.001933
-0.004322
0.059161
-0.011415
-0.010148
