-0.010456
0.078361
0.007846
0.163210
-0.065329
0.092389
-0.033243
0.069030
0.015926
-0.031357
0.068584
0.026619
-0.032702
0.069742
0.017985
-0.018542
-0.016122
-0.090879
-0.031814
-0.023920
-0.061854
-0.053897
-0.024590
-0.058261
-0.012639
0.103590
-0.145070
-0.065562
-0.005067
-0.003445
-0.066356
-0.053198
0.055213
-0.054265
-0.020647
-0.001278
0.144190
0.080863
0.095799
-0.042917
-0.008497
0.046716
-0.124821
0.114992
0.033022
-0.101627
-0.082974
0.055388
0.062026
-0.138442
0.088999
0.032189
0.076412
-0.111787
0.025936
-0.054487
-0.142338
-0.021104
0.068523
0.093114
-0.107897
-0.034675
0.175955
-0.047010
-0.061508
0.089413
0.162911
-0.144457
-0.120011
-0.034494
-0.001212
0.163771
-0.000937
0.129571
0.138764
0.121011
0.093921
0.021054
-0.015467
-0.016741
-0.047562
-0.063091
-0.037187
-0.111538
-0.043624
-0.048676
-0.090808
-0.033542
-0.026837
-0.072674
-0.029611
-0.028899
-0.073370
-0.028164
-0.057014
-0.063407
-0.028078
-0.002900
-0.051478
-0.040961
0.005651
-0.041272
0.035482
-0.020574
0.019465
-0.043563
0.018192
-0.040711
-0.052370
0.017749
-0.043714
0.037266
-0.000001
-0.019430
0.064014
0.007717
-0.040088
0.045063
-0.018280
0.023471
-0.041244
-0.066523
-0.145211
-0.020822
0.044262
0.014688
-0.056463
0.196407
0.171381
0.379745
-0.381608
0.060053
