-0.011401
0.019007
-0.018677
-0.054327
0.010606
0.069022
-0.022569
-0.011982
-0.027343
-0.007989
-0.005037
-0.023501
0.004072
-0.020695
-0.052161
-0.023050
-0.024123
-0.059556
-0.029838
-0.012861
-0.065667
-0.022552
-0.022134
-0.061370
0.014854
-0.092550
-0.020108
-0.020558
0.009329
-0.066150
-0.005307
0.166469
-0.228440
0.015214
-0.025011
-0.041106
0.092525
0.064051
0.048012
0.024064
-0.022892
0.039292
0.135758
-0.113046
0.083384
0.118930
0.098432
0.097168
0.067519
0.091643
0.064916
0.062822
0.028145
0.027071
0.059318
-0.303357
-0.024450
-0.012757
-0.077677
0.168984
-0.024207
0.054879
-0.188551
-0.012128
0.028963
-0.029562
0.193239
0.003255
0.151973
-0.088033
-0.130392
0.127325
-0.142383
-0.029141
0.120072
-0.002809
0.111886
0.046531
-0.040884
0.028956
0.002078
-0.109406
0.017113
-0.078790
-0.107140
-0.008664
-0.054663
-0.053644
-0.019285
-0.047106
-0.049234
-0.024839
-0.053458
-0.063124
-0.031548
-0.058437
-0.049205
0.016941
-0.025897
-0.081126
0.034962
-0.006244
0.190927
-0.124227
0.312582
-0.058627
0.015054
-0.015668
-0.112477
-0.048267
-0.066135
0.043084
0.128813
0.021180
0.159683
0.113342
0.178604
-0.011347
0.099401
-0.049807
-0.001650
0.122989
0.053475
-0.010090
0.094037
-0.037144
0.083585
-0.166726
-0.126314
-0.080148
-0.018671
-0.112777
