0.087650
0.026852
-0.005002
-0.091996
-0.066773
0.023034
0.052789
0.028617
0.008878
0.054901
0.029843
0.006634
0.018041
0.024439
0.098681
-0.064045
0.018287
-0.004347
-0.033369
-0.014401
0.008229
-0.019561
-0.038596
0.014910
-0.034187
-0.049538
-0.107219
-0.018212
-0.073610
0.026686
-0.087064
-0.143833
0.047547
-0.025350
-0.055524
0.008932
0.006379
0.068116
-0.080436
-0.033824
0.022986
-0.099748
-0.231259
0.124320
-0.212633
-0.116778
0.010164
0.011723
0.201430
-0.060564
0.184859
0.126278
0.147923
-0.076201
0.082934
-0.188757
-0.163223
0.020108
0.142546
0.030358
-0.081826
-0.036882
0.206363
-0.064359
-0.077964
0.117672
-0.017616
-0.069349
-0.173745
-0.063307
0.055719
0.116763
0.002581
-0.039122
0.007498
-0.004769
-0.061093
0.014763
0.020557
-0.014432
0.023164
0.013548
-0.014499
0.033583
-0.016477
0.010700
0.050138
0.013999
0.002655
0.049951
0.019650
0.001151
0.042969
0.017649
0.007124
0.042703
0.024621
-0.014733
0.035839
0.044599
-0.005405
0.015146
0.057370
-0.023591
0.048972
0.037555
0.011668
-0.001903
0.054041
0.042094
-0.052960
0.089070
0.058301
0.019093
0.232011
0.044547
0.123782
-0.005272
-0.040268
-0.051063
0.070599
-0.084274
-0.039324
-0.014478
-0.132673
-0.024984
-0.082773
-0.087536
-0.094624
-0.323709
0.337956
0.044933
