-0.125783
-0.188875
-0.057960
0.226144
-0.074046
0.177156
-0.128132
-0.122578
-0.082430
-0.165573
-0.138759
-0.083252
-0.159525
-0.105243
-0.124396
-0.010466
0.021146
0.009490
0.004184
0.028570
-0.021640
0.030726
0.035604
-0.030571
0.340293
0.030869
-0.127267
0.026344
0.074940
-0.027662
0.021828
-0.077130
0.173302
0.020114
0.041590
-0.003100
-0.006389
0.017595
-0.031238
0.018623
0.104803
0.102754
0.100602
0.246869
0.219704
0.016135
0.057899
-0.018942
-0.024355
0.071799
-0.076083
0.057837
-0.181068
-0.086372
-0.066668
0.069342
0.066750
-0.146216
-0.081499
-0.142415
-0.070695
0.038437
0.078579
-0.055023
0.047636
0.045794
0.031470
-0.029873
-0.035428
0.048857
0.116546
0.007302
0.094157
-0.048732
-0.047792
0.027512
-0.104089
-0.052425
0.045909
-0.036563
-0.012442
0.129587
-0.021048
0.022590
0.009657
-0.018552
0.053621
-0.027984
0.013522
0.002956
-0.023451
0.030509
-0.007938
-0.004865
0.030148
0.000800
-0.027675
0.030784
-0.024625
-0.057709
0.046219
-0.012689
0.091174
0.039208
0.148061
-0.031278
0.006669
-0.015782
-0.071648
-0.028954
-0.112703
0.033269
0.056932
0.053796
0.138714
0.030345
0.209866
-0.017557
-0.002879
0.002663
-0.023075
-0.080960
-0.065196
-0.078427
-0.061240
0.005801
-0.078261
-0.062644
0.000463
-0.052233
0.071807
0.009816
