-0.064704
0.183517
-0.018179
0.041398
-0.092099
0.184697
-0.058330
0.152077
0.012809
-0.045276
0.167669
-0.003409
-0.002144
0.152837
-0.020948
0.097118
-0.018500
-0.034981
0.027859
0.003796
-0.001910
-0.010811
-0.004206
0.001238
0.044158
0.015727
-0.025421
-0.025205
0.043247
0.021130
0.059049
0.075669
0.096140
-0.059641
0.020875
0.031899
-0.003314
0.081007
0.075972
-0.046711
-0.114614
0.105857
-0.021952
-0.127739
0.158859
-0.040801
-0.202954
-0.014945
-0.162206
0.057768
-0.106225
-0.032996
0.048125
0.022830
0.080388
0.223424
0.034281
0.112767
-0.106835
0.148860
0.036013
-0.093109
-0.143398
-0.019245
-0.000055
-0.103319
-0.049430
-0.024811
-0.021021
-0.092856
0.090349
0.122346
-0.080579
0.027594
0.102982
-0.007562
-0.083651
-0.027803
-0.003658
-0.075958
-0.024742
0.057212
-0.054200
-0.060993
0.019941
-0.074321
-0.003016
-0.022104
-0.026245
0.007412
-0.025055
-0.022454
0.006588
-0.025186
-0.041366
0.009523
-0.032310
0.016151
0.008492
-0.009562
0.018158
-0.025495
-0.008303
-0.002659
0.025715
0.007349
-0.014062
-0.070575
-0.050373
-0.100073
-0.024664
0.154949
-0.036037
-0.105807
0.250262
-0.001833
-0.226560
0.114762
-0.105248
-0.074569
-0.140610
-0.019712
0.071455
0.093091
-0.213960
-0.092454
-0.014006
0.067748
-0.179291
-0.050538
0.242237
0.071125
