0.065465
0.106539
-0.003569
-0.005659
-0.030931
0.057557
0.045326
0.077023
0.008506
0.065140
0.084683
0.026686
0.067047
0.057308
0.023405
0.022896
-0.118971
0.041177
-0.028768
-0.072828
0.033981
-0.050158
-0.015023
0.026205
0.487294
0.258398
0.462633
-0.045013
-0.050924
0.009471
-0.053315
-0.070678
-0.021838
0.004539
-0.027868
-0.017331
-0.071589
-0.020445
-0.151965
0.011909
-0.047209
0.052018
0.059706
-0.015276
0.062675
-0.033021
-0.042333
0.080089
-0.052744
-0.034671
0.026908
-0.057062
0.129754
-0.024156
0.003016
0.032558
-0.051513
-0.042396
0.006291
-0.000733
-0.055238
-0.011049
0.122557
-0.008517
0.029614
0.003642
-0.004573
-0.019663
0.080973
-0.034509
-0.037218
-0.170426
-0.051608
0.010604
-0.192031
-0.057536
0.139833
0.025634
-0.033036
0.017125
-0.006968
-0.211007
-0.051988
0.023757
-0.024979
0.007495
-0.064245
0.010350
-0.021536
-0.035899
0.024589
-0.042163
-0.039940
0.026682
-0.034791
-0.037245
0.027341
-0.052933
-0.042124
0.032664
-0.048203
-0.047958
0.093501
-0.145117
0.000310
-0.010898
0.025611
-0.051093
0.001384
0.027841
-0.105230
-0.011269
0.019455
-0.035495
0.075349
0.018679
0.002789
-0.036117
-0.004826
-0.013491
0.081588
0.032615
0.049714
-0.023058
-0.015416
0.026074
-0.036486
-0.021431
0.150978
-0.089832
-0.007615
0.128786
