0.034162
-0.007986
-0.055384
0.014094
-0.026229
0.031007
0.027015
0.010838
-0.062145
0.034126
0.017508
-0.061423
0.044732
-0.003997
-0.021855
0.089019
-0.133087
0.079217
0.036069
-0.060100
0.029128
-0.006811
0.005795
0.014824
-0.292964
-0.226611
-0.209412
-0.012984
0.041667
0.031012
0.109798
-0.033431
0.158954
0.032275
0.021008
0.030478
-0.011644
0.084849
0.041167
0.028498
0.010464
0.059579
0.038791
0.039269
0.093227
0.002822
-0.060837
-0.036141
-0.078661
-0.034001
0.018488
-0.077895
-0.045029
0.017899
0.006344
0.153102
-0.045553
0.043843
-0.071519
-0.044123
0.082628
0.055776
0.187953
0.111644
0.043232
-0.062444
-0.101775
-0.068032
0.005838
0.185483
-0.223214
-0.352354
-0.039199
0.249621
0.080621
-0.072687
0.214418
0.073372
-0.080942
0.081609
0.029347
-0.125450
0.095713
0.128305
-0.060381
0.021079
-0.089669
-0.007634
-0.037073
-0.047216
-0.008890
-0.045117
-0.041398
-0.022960
-0.049621
-0.046108
-0.005869
-0.026260
-0.019144
0.003468
-0.024989
-0.028203
0.041235
-0.147552
0.046527
-0.010381
0.000179
-0.039059
-0.012173
0.013753
-0.115239
0.042129
0.030043
0.007571
0.164409
0.021581
0.132110
-0.023136
-0.047027
-0.031902
0.086727
0.029668
0.005756
-0.035852
-0.050626
-0.008011
-0.077809
-0.021206
0.097916
-0.121985
-0.004174
0.074384
