-0.016844
0.014480
-0.006333
0.000875
0.047868
-0.018593
0.022805
0.019162
-0.045732
0.069666
0.050225
-0.085492
0.101905
0.012920
-0.104060
0.215890
-0.109659
0.030391
0.049552
0.002511
0.040221
-0.067100
0.078011
0.047142
0.148591
0.099505
0.122809
-0.067763
0.075233
0.073714
0.237733
0.139569
0.148239
0.015844
0.052644
0.069825
-0.106119
-0.025723
0.070370
0.009045
-0.020134
-0.097370
-0.114633
-0.109036
-0.172514
0.073924
-0.024735
-0.118274
0.164480
0.076437
-0.031814
0.134440
0.024868
0.017322
-0.061686
-0.134200
-0.043908
-0.089658
0.113990
-0.013090
-0.006554
0.018708
0.096921
0.011971
0.025861
0.017325
0.023356
-0.022638
-0.058884
0.050079
-0.148090
-0.005163
0.090209
0.167530
0.006443
0.092423
0.111916
-0.007161
0.010974
0.007315
-0.069580
0.077530
0.016059
0.063292
-0.015584
-0.034274
-0.120624
-0.037640
0.004088
-0.092383
-0.079399
0.006720
-0.045242
-0.091706
0.011267
-0.057200
-0.073388
0.018350
0.014950
-0.133281
0.035762
0.055504
-0.160007
0.284657
0.025679
-0.053657
-0.081506
0.050811
-0.174739
-0.296930
0.010503
0.028354
-0.019826
0.070662
-0.045131
-0.032485
0.146571
0.062204
0.007614
0.025713
-0.027130
0.002826
-0.024438
0.086745
-0.026077
0.004644
0.075974
0.014405
-0.070961
0.097038
0.145492
-0.041144
