-0.040272
-0.145522
0.003656
0.040129
0.032176
-0.001087
0.004612
-0.133247
-0.031925
0.027126
-0.121848
-0.028813
0.033419
-0.141868
0.017005
0.051363
-0.033476
0.042774
0.042080
-0.011747
0.019508
0.041892
0.013494
0.011100
0.140974
-0.078252
-0.076039
0.044907
0.007385
-0.001360
0.018868
-0.150662
0.053056
0.017060
0.051198
-0.022891
0.090626
-0.090647
-0.031249
-0.007158
0.001943
-0.063396
0.014331
-0.093385
-0.012051
-0.101160
-0.016209
-0.013501
-0.106255
-0.030323
0.075026
-0.141274
0.205945
-0.076475
0.118168
-0.056828
-0.147519
0.192555
0.128784
0.302167
0.110849
-0.127816
-0.147032
0.083370
-0.069926
-0.132094
-0.087330
0.017663
0.110308
-0.115329
0.066134
-0.066673
-0.208320
-0.013692
0.034888
-0.202130
-0.006749
-0.045515
0.012318
0.030856
0.002514
0.064796
0.066366
0.103673
0.003864
0.022129
-0.027581
0.040634
0.000620
-0.008164
0.024658
0.016458
-0.001006
0.026620
0.012375
0.002312
0.024354
0.021600
0.004369
-0.048359
0.096068
0.010799
-0.025538
0.354324
0.029743
-0.041194
0.081064
0.002908
-0.057478
0.077703
-0.109633
-0.007088
0.089026
0.051234
-0.025542
0.105631
0.082850
-0.035850
0.020013
0.006363
-0.064299
-0.048398
0.035272
-0.060015
-0.072070
0.045029
-0.123735
-0.032610
0.157023
0.174992
0.032155
0.083982
