-0.156739
-0.015605
0.181782
-0.022391
0.053060
-0.155451
-0.088930
-0.059896
0.191106
-0.108171
-0.092321
0.300934
-0.080906
-0.073753
0.242781
0.007144
-0.001487
0.055493
0.017162
0.024233
0.001308
0.026698
0.042663
-0.009232
0.154276
0.005507
-0.050525
0.014684
0.071510
-0.008859
-0.052953
0.270636
-0.128895
0.011031
0.032734
0.011406
-0.033668
-0.010716
-0.097210
0.020945
0.051002
-0.035383
-0.127691
0.063835
-0.189799
0.082419
0.114713
0.060573
0.176167
-0.169528
0.069210
0.020891
-0.057132
0.071127
-0.022537
0.196692
-0.105340
0.116880
-0.195862
0.096801
-0.008116
0.033518
-0.048649
-0.045520
0.035726
-0.068611
0.026402
-0.029334
0.046458
-0.044598
-0.038028
-0.078325
0.014670
0.175351
0.003943
0.000674
-0.045929
-0.055434
-0.017288
-0.006380
-0.023337
0.173438
0.060627
0.067800
0.128052
-0.007075
0.018299
-0.005471
0.010585
-0.016154
-0.019389
0.013430
-0.010242
-0.013133
0.005100
-0.017933
-0.028873
0.046374
0.008639
-0.015116
0.011849
0.008300
-0.017844
-0.132775
0.034302
-0.008029
-0.024784
-0.024822
-0.052672
-0.116148
-0.091281
0.012132
-0.010622
-0.020117
0.086895
-0.018299
0.049431
-0.031782
-0.082149
-0.077918
0.050047
0.096734
0.025740
0.034902
-0.156024
-0.133778
-0.040360
0.067428
0.076769
0.005715
-0.068849
0.087594
