-0.169175
-0.096161
-0.029382
0.036402
0.004144
0.038043
-0.123326
-0.010694
-0.062305
-0.154546
-0.020214
-0.052220
-0.120105
0.022441
-0.100235
0.115549
0.037888
0.002813
0.055923
0.037611
0.048350
0.019115
0.048656
0.052550
-0.435037
0.033199
0.406080
0.011054
0.051549
0.068509
0.024682
-0.008785
0.193325
0.083779
0.057475
0.035150
0.062079
0.014520
-0.090872
0.067051
0.012982
-0.002727
0.062410
0.001687
0.018438
-0.052555
-0.024109
0.046403
-0.040907
-0.003363
0.046355
-0.022790
0.080983
-0.059799
-0.054064
-0.029171
-0.103469
0.032573
0.115852
0.134104
0.050463
-0.068535
-0.049752
-0.014633
-0.031950
-0.007429
-0.005207
0.029030
0.037252
-0.171289
-0.001619
0.147996
0.081185
0.030110
-0.113905
0.167973
-0.008883
-0.078431
0.099602
-0.022405
-0.097041
0.136723
-0.027477
-0.063600
0.111475
-0.008207
-0.057576
0.052640
0.031930
-0.038587
0.020528
0.026021
-0.003902
0.024369
0.015176
-0.006147
0.017024
0.002456
-0.021319
0.029507
-0.026508
-0.020955
0.033644
-0.272753
-0.032842
-0.000821
0.006535
-0.017169
-0.006415
-0.031762
-0.158845
-0.050813
0.006581
0.038948
-0.051084
-0.009531
0.185372
-0.086866
-0.006266
-0.021420
0.062022
0.064183
0.019188
-0.016707
-0.015388
-0.018430
0.010669
0.008735
0.049569
-0.007578
0.039779
0.071113
