0.196445
-0.012732
0.002376
-0.036387
0.028204
-0.032580
0.111306
-0.069379
0.018818
0.109889
-0.092399
0.085925
0.050073
-0.081350
0.125709
-0.078484
0.049608
-0.035907
-0.060263
0.032131
-0.000955
-0.065024
0.005163
0.024586
-0.117691
-0.079737
0.153027
-0.064436
0.063822
0.092881
0.003847
0.080055
0.069664
0.051460
0.090148
0.051440
-0.018461
-0.031261
0.094728
0.069442
0.037891
0.035967
0.072287
-0.026880
-0.013663
0.085759
0.046182
0.073676
0.019934
-0.116230
0.029820
-0.085056
-0.080131
0.100577
-0.090744
0.138387
0.003143
0.030753
-0.060056
-0.101810
0.030907
0.042096
-0.044146
0.015964
0.019953
0.042022
0.017233
0.020312
-0.031391
0.041485
0.079985
0.173804
0.085789
-0.095533
0.063392
0.168130
-0.081915
-0.029349
0.023710
-0.029831
-0.065133
-0.186354
-0.089008
-0.242553
-0.184876
-0.005802
-0.056625
-0.063137
0.012160
-0.026866
-0.047232
0.010822
-0.026402
-0.070902
-0.001553
-0.019743
-0.032960
0.022742
0.003364
0.000670
0.039789
-0.023413
0.048933
0.341523
-0.051146
0.024919
0.027835
-0.093578
-0.001367
-0.039181
-0.336165
0.088112
-0.010840
-0.000322
0.131690
0.001410
-0.023855
0.060206
-0.026683
0.050706
-0.012063
0.090970
0.072756
-0.074780
-0.049952
0.149034
-0.146290
-0.055518
0.193272
-0.110734
0.002532
0.030126
