-0.010532
0.070176
0.044057
-0.000805
-0.037472
-0.001892
-0.030648
0.032580
0.047455
-0.018147
0.030283
0.084780
-0.010549
0.002278
0.049943
-0.041148
-0.071489
0.011724
0.008230
-0.074106
-0.031066
0.068561
-0.046193
-0.038963
-0.236395
0.044047
0.209549
0.084627
-0.079686
-0.153293
-0.164852
-0.165054
-0.222873
0.000877
-0.074977
-0.128399
0.191541
-0.016915
-0.005287
-0.000844
0.033897
-0.031139
0.106206
0.103962
0.033320
-0.059736
0.102503
0.102690
0.059565
0.009413
0.068763
-0.016033
-0.145909
-0.067651
-0.050367
0.038397
0.028260
-0.050394
-0.112458
-0.025849
-0.052529
0.082572
0.057310
-0.044126
0.016360
-0.042805
-0.000709
0.012421
0.040673
-0.027866
-0.090505
-0.139177
0.080650
0.201455
-0.074980
0.080657
0.058684
0.042207
0.065265
-0.062631
0.010476
0.048979
-0.057995
0.129031
0.005299
-0.075803
-0.003270
0.011468
-0.056691
-0.019270
0.013560
-0.039667
-0.022559
0.022625
-0.043819
-0.014094
0.002872
-0.009947
-0.032300
-0.080467
0.055429
-0.005336
-0.047309
0.246082
0.070568
-0.070248
0.040593
-0.005029
-0.093907
0.022441
-0.062859
0.013126
0.011572
0.017459
0.057699
0.018144
-0.030523
0.036974
0.009835
0.076343
-0.290567
-0.310897
0.159437
0.055053
0.004057
0.058581
0.084653
0.032801
-0.083112
0.086586
0.209291
0.023537
