0.082798
0.000615
-0.035334
-0.037328
-0.002709
0.043769
0.039866
0.056237
-0.024551
0.008009
0.040670
-0.030723
-0.050113
0.093691
0.054884
-0.055085
0.031842
-0.045478
-0.046023
0.010753
-0.014865
-0.010701
-0.019939
-0.010945
0.064386
0.112708
-0.049804
-0.019128
0.047546
0.035203
-0.068065
0.017185
0.086833
0.177219
-0.014474
0.028635
0.122005
-0.041658
-0.178743
0.186895
0.131108
0.025589
0.087105
0.340800
0.021019
0.126786
-0.023832
-0.129006
-0.110034
-0.246092
0.081506
-0.128838
0.152851
0.138059
-0.016496
0.124554
-0.112320
0.155066
0.058440
0.041991
0.066633
-0.070325
-0.037677
0.041568
-0.007672
-0.063998
-0.033226
-0.031705
0.014799
-0.019773
0.041745
-0.015229
-0.072526
0.065297
0.111048
-0.037663
-0.095121
-0.008432
-0.069637
-0.035072
-0.003545
-0.103706
-0.026719
-0.124401
-0.076982
-0.024953
-0.001827
-0.063035
-0.023373
0.001802
-0.037733
-0.025238
-0.026448
-0.048739
-0.044378
-0.024777
-0.035923
-0.000434
-0.009448
-0.050445
-0.011391
0.016069
-0.079293
0.012847
0.005764
0.012717
-0.099820
0.051164
-0.015282
-0.146460
0.114151
-0.038109
-0.056042
0.074210
-0.114017
-0.096012
0.224252
-0.002341
0.024340
0.020000
-0.107108
-0.142866
0.041778
0.134559
0.188618
-0.017741
0.191069
0.016172
-0.179847
-0.153796
-0.040331
-0.068623
