-0.010003
-0.051533
-0.000219
-0.054278
0.008857
-0.049592
0.034430
-0.085244
-0.007202
0.082662
-0.064428
0.010807
0.101441
-0.113631
0.035784
0.060284
-0.000587
-0.009177
-0.003789
0.025027
0.028834
-0.053771
0.005709
0.034311
0.070454
-0.044777
-0.054282
-0.067624
0.022340
0.122922
0.185951
0.106759
0.134420
0.032208
0.012182
0.093665
0.005039
-0.036077
-0.084125
0.025865
-0.037198
0.009730
-0.049668
-0.087283
-0.090671
0.029981
-0.049746
0.051073
0.022902
0.012774
0.019775
0.034940
0.047976
0.074311
0.022867
0.028571
-0.056383
-0.039399
-0.149565
-0.004557
-0.084719
0.032948
0.037630
-0.054247
0.102178
0.007182
-0.011972
-0.042942
-0.027371
0.097669
0.035855
0.006188
-0.036202
-0.129928
0.060579
0.041357
-0.002864
0.027528
-0.027828
0.007007
0.017170
-0.094474
-0.021720
-0.112576
-0.018490
0.008464
0.021727
-0.017282
0.023433
0.046663
-0.036967
0.031003
0.066808
-0.046528
0.050306
0.051274
-0.029951
0.005348
0.061670
0.017540
-0.018280
0.036271
-0.039147
-0.342098
0.045630
-0.055755
0.100698
-0.040577
0.025276
0.254741
-0.199595
-0.103094
0.048327
-0.008016
-0.064090
0.034061
-0.001142
-0.086490
0.042970
0.004167
-0.244047
-0.394088
0.148177
0.032639
0.059326
0.027617
0.111049
0.011951
-0.030171
0.295957
0.200417
-0.006362
