-0.035293
-0.206112
-0.075043
-0.017358
0.007946
-0.001243
-0.072758
-0.121960
-0.064788
-0.132972
-0.133056
-0.107423
-0.142246
-0.048454
-0.149909
0.055098
-0.051647
-0.026471
0.003663
-0.044092
0.017353
-0.018417
-0.054530
0.019425
-0.050673
0.024148
0.082043
-0.024570
-0.022772
0.042092
0.006456
0.082398
0.037971
0.047670
-0.061427
0.045296
0.012797
-0.029003
-0.073781
0.050900
-0.030132
-0.030752
-0.072639
0.025033
-0.129489
0.076222
-0.035545
-0.031867
0.011537
-0.007571
-0.015346
0.032197
0.113396
0.056411
0.021541
0.038835
-0.125674
-0.019979
-0.193317
0.066247
-0.148370
0.013303
0.021402
-0.084954
0.130278
-0.071333
0.031388
-0.068281
0.020292
-0.022706
-0.061316
-0.125335
0.008460
0.137366
-0.040726
0.124525
0.024817
-0.006839
0.019688
-0.097126
-0.055612
-0.167135
-0.172221
-0.189782
-0.005874
-0.076683
-0.033502
0.022627
-0.045681
0.021478
0.001641
-0.030800
0.047507
-0.018958
-0.045499
0.038613
0.004395
0.010544
0.077050
0.022376
0.010156
0.068047
-0.031939
0.202871
0.003920
0.022019
0.020711
0.107162
0.139916
0.243594
0.414853
0.048671
0.089912
-0.051263
0.161424
0.128136
-0.176500
-0.011100
0.012339
-0.052557
0.002297
0.083517
0.008826
-0.040007
-0.045369
-0.043390
-0.053536
-0.082608
-0.028794
-0.032567
-0.052995
0.034871
