0.045691
0.027550
-0.101556
0.012966
-0.003067
0.098188
0.057386
0.042826
-0.098573
0.073086
0.067499
-0.131292
0.038789
0.044730
-0.029325
-0.062409
0.033044
0.078808
0.001520
0.001190
0.062843
0.013940
-0.000973
0.052569
0.028749
-0.024683
-0.154287
0.015575
-0.013562
0.039092
0.032458
-0.030490
0.052302
-0.080007
0.060874
0.008623
-0.152338
0.004289
0.171098
-0.092405
-0.000063
-0.029580
-0.018474
-0.150491
-0.051067
-0.109221
-0.017841
0.051165
0.064789
-0.058484
0.038472
0.077402
-0.003752
-0.059890
0.119533
0.161423
-0.070469
0.085817
-0.226088
0.153299
-0.247414
0.015628
-0.145574
-0.176555
0.049175
-0.102170
0.082461
0.020472
0.126281
-0.135347
-0.009342
-0.014409
0.176768
0.117567
-0.248988
0.102526
0.004681
0.033717
0.022373
-0.012083
0.032788
-0.069849
-0.056555
0.068282
0.037723
0.031288
0.096729
0.033272
0.009916
0.068518
0.049935
0.008735
0.050515
0.072153
0.016457
0.060828
0.045740
-0.018839
0.015085
0.058527
-0.009818
-0.007562
0.066994
0.127742
-0.059806
0.057413
-0.007328
-0.035577
0.059314
-0.018570
-0.197657
-0.014142
-0.022016
0.061137
-0.135151
-0.034495
0.216401
-0.027709
-0.000885
0.009627
-0.011518
-0.096599
-0.018638
0.031670
0.141772
-0.048724
0.100636
0.045492
-0.111974
-0.167387
-0.228265
0.024601
