-0.120285
0.034354
0.049728
-0.003625
-0.005452
-0.008250
-0.017237
0.016957
0.009308
0.027242
0.043553
0.026595
0.060892
-0.004461
0.029033
0.029926
-0.124785
0.123973
0.010782
-0.078218
0.052391
0.019515
-0.026747
0.024306
-0.092146
-0.055545
-0.166975
0.004470
-0.008555
0.036642
0.078794
0.093630
-0.055850
0.083333
0.002515
-0.011606
0.233486
-0.031392
-0.196154
0.062708
0.029268
-0.036929
0.054366
0.113805
0.006442
-0.030707
-0.041934
-0.091956
-0.121578
0.002835
0.001929
0.017596
0.049566
0.047862
0.088829
0.084013
0.019726
0.005514
-0.082280
-0.091100
-0.035572
0.003067
-0.028230
-0.066448
-0.003931
0.120309
0.020523
0.023512
-0.010264
-0.083482
0.047717
0.257838
0.174140
-0.241966
-0.368737
0.025528
0.176501
0.136065
-0.125410
0.117719
0.078254
-0.314070
0.054634
0.062521
0.077231
0.085299
-0.006702
0.033057
-0.021208
-0.001169
0.021123
-0.036029
-0.001658
0.043843
-0.023593
-0.004197
0.005426
-0.038951
-0.008778
-0.072043
-0.000898
0.011645
-0.016518
0.093062
0.064116
-0.068437
-0.023767
0.027378
-0.143412
-0.108995
0.091918
-0.038127
0.019565
-0.004996
-0.048404
0.002260
0.026442
0.000661
-0.021799
-0.050500
0.019179
0.079969
-0.013106
-0.013110
-0.176243
-0.085559
-0.090999
0.024836
0.035205
0.122730
0.083389
0.036874
