0.143689
-0.001580
-0.078710
-0.034090
-0.025115
0.031564
0.152590
0.001889
-0.128992
0.209078
0.036277
-0.187457
0.118683
0.031120
-0.094979
-0.082040
0.018808
0.015763
-0.063311
0.023375
0.006792
-0.062423
0.035838
0.017522
-0.053961
0.111061
0.035024
-0.038382
-0.036732
-0.040020
-0.025094
-0.129832
-0.040953
0.001975
-0.033548
-0.037400
-0.031542
0.030536
0.012939
0.027376
0.054457
-0.004910
0.036232
0.115693
-0.015080
0.024484
0.034611
0.053930
0.077051
-0.156036
0.148294
0.044684
-0.074122
-0.071434
-0.072982
0.206124
-0.070253
0.051670
-0.210110
0.152095
-0.034708
-0.038130
-0.082148
-0.041137
0.097994
-0.103092
-0.003403
-0.026939
0.048434
0.011445
0.012832
0.008589
0.042766
-0.019103
0.003588
0.008907
-0.157395
-0.011902
0.045140
-0.035989
0.014725
0.112017
-0.000145
0.151121
-0.153324
-0.013018
0.056073
-0.080896
0.011316
0.008958
-0.035219
0.014984
-0.029584
-0.048710
0.053823
-0.037586
-0.024745
-0.014621
-0.020637
-0.059857
-0.001458
0.020725
-0.085303
-0.204718
0.083945
-0.031528
-0.017065
0.049894
-0.051874
-0.064111
0.121543
-0.008231
0.026223
0.012898
-0.060692
0.024249
-0.039458
0.035802
0.080577
0.007624
0.115199
0.244404
-0.136591
-0.057131
-0.122510
0.080867
-0.147156
-0.094699
0.046179
0.309787
0.220418
-0.120117
