0.070644
-0.032688
-0.018896
-0.011038
0.003557
0.017496
0.015280
-0.071827
-0.007545
0.031888
-0.077265
-0.001547
-0.011584
-0.093224
0.055983
-0.040897
-0.063721
0.051753
-0.028257
-0.027139
-0.001714
-0.002526
0.031231
-0.004762
0.105455
-0.094530
-0.114303
0.003551
0.059004
-0.016479
-0.079705
-0.095260
-0.007866
0.024311
0.073680
-0.011293
-0.259819
0.033406
0.161662
0.042744
0.057983
0.048209
0.095982
-0.040204
0.027045
0.175856
0.011265
-0.118060
0.015005
-0.105752
-0.045574
-0.039052
-0.013999
0.107565
-0.024523
-0.084305
-0.028220
0.188050
0.225134
-0.091597
0.108259
-0.049107
-0.143825
-0.003120
-0.184069
0.045046
0.007450
0.090755
0.022396
-0.232214
-0.041529
0.112682
0.211721
0.186937
-0.298188
0.116011
0.075604
-0.018246
0.043109
-0.003544
-0.071569
0.007613
-0.011170
0.098396
-0.094272
-0.024465
-0.091849
-0.043907
-0.014056
-0.079852
-0.045880
-0.009600
-0.064252
-0.060959
-0.015386
-0.067768
-0.036278
0.014802
-0.029719
-0.041605
0.025236
-0.015031
-0.123886
-0.226928
0.047070
-0.035137
0.033981
0.004769
0.020162
0.187237
0.142009
0.051626
0.008295
-0.044070
0.165399
0.026710
-0.113094
0.043377
-0.027271
0.032997
-0.052322
-0.142864
0.023336
0.034660
0.000118
0.071848
0.003449
0.058836
0.015757
0.014661
0.033820
0.001729
