-0.001530
0.032509
-0.014557
-0.013387
-0.005697
0.006344
-0.081827
0.123043
-0.000723
-0.171027
0.064279
0.033515
-0.183590
0.149746
-0.016640
-0.010292
-0.157105
0.067895
-0.044130
-0.097858
0.021792
-0.042521
-0.018232
0.006989
0.038848
-0.058556
-0.074006
-0.051178
0.051070
0.016333
-0.137530
0.169229
-0.030743
-0.016270
0.074815
-0.009660
-0.093030
-0.042262
0.081757
-0.012643
0.027605
-0.004702
0.028665
-0.065475
-0.026692
0.037268
0.038408
-0.003329
0.043005
-0.026361
0.012877
0.033476
-0.075525
0.012210
-0.041033
-0.010900
-0.000163
0.041515
0.014129
-0.012616
0.031512
-0.015402
-0.037196
0.012454
-0.010482
0.017382
0.014782
-0.002146
-0.018618
0.019223
0.006930
0.005977
-0.060146
-0.066699
0.065816
-0.024927
-0.011316
-0.041999
-0.023865
-0.087510
-0.051425
-0.112723
-0.121351
0.133753
-0.052093
-0.095855
-0.098248
-0.015915
-0.075055
-0.072001
0.019277
-0.052305
-0.112026
-0.009480
-0.058376
-0.123974
0.023485
-0.017387
-0.090458
0.123507
-0.085296
-0.120591
0.305695
0.100255
-0.232718
0.092476
-0.026810
-0.007659
0.223762
0.184641
0.066850
-0.055882
-0.037857
0.059720
-0.156252
-0.094228
0.307321
-0.003166
-0.002044
-0.021347
-0.028471
0.024434
-0.006698
-0.001628
-0.099659
0.028835
-0.041172
0.001614
0.000537
0.236320
0.283210
-0.030973
