-0.082562
0.012940
0.030013
0.028697
-0.017783
0.037731
-0.014132
-0.000762
0.014175
0.021804
0.026408
-0.007201
0.033488
-0.020787
0.055262
-0.106138
0.090158
0.003785
0.009516
-0.033384
0.037730
0.050888
-0.113009
0.041581
0.074823
-0.039246
-0.079714
0.037102
-0.066566
0.062403
-0.005488
0.022061
-0.040803
0.017737
-0.035732
0.038605
0.006793
0.031330
0.021701
-0.008140
0.044510
0.011979
0.084616
0.028082
0.061798
-0.015185
0.036008
-0.049050
-0.030278
-0.010282
-0.035404
-0.016435
-0.002236
0.064864
0.086287
-0.130158
0.077404
0.044988
0.126290
-0.120587
0.004797
0.023559
0.062246
0.033792
-0.064001
-0.013919
0.008231
0.037350
0.001769
-0.189076
-0.041250
-0.186921
-0.033431
0.307237
0.071050
0.091442
-0.045593
-0.029083
-0.006527
-0.138663
-0.021441
-0.209099
-0.225808
-0.211569
0.156409
-0.067887
0.084725
0.079238
-0.048388
0.119878
0.026437
-0.013414
0.154859
0.057273
0.003477
0.155295
0.010110
-0.042829
0.110379
-0.019923
-0.004992
0.089294
-0.075204
-0.042393
0.071999
-0.067254
0.041687
0.000724
-0.080723
0.040831
-0.247930
-0.023371
-0.026107
0.059106
-0.200310
-0.029830
0.000942
0.075128
-0.000942
0.094285
0.121753
0.246775
-0.120065
0.009640
-0.155972
0.036101
-0.033625
-0.010085
-0.127107
0.169630
0.159308
-0.040660
