-0.069582
-0.049030
0.084984
0.033981
0.000739
0.019830
-0.100688
0.019050
0.049427
-0.143811
-0.019969
0.062081
-0.125404
0.046375
-0.057259
0.151325
-0.134225
0.003369
0.064638
-0.064040
0.011738
0.007423
-0.006041
0.005768
0.013285
-0.011126
-0.087685
0.014166
-0.047512
0.015954
-0.104711
-0.027893
-0.042066
0.013529
-0.088779
0.058979
-0.059085
0.026676
0.054172
0.026956
-0.010516
0.033420
-0.072036
0.042366
-0.043526
0.106536
-0.002437
-0.010434
-0.072430
-0.161726
0.036537
0.070844
0.141367
0.061914
0.063541
0.090947
-0.076392
-0.017963
-0.072760
0.027685
-0.006215
-0.058685
0.014163
-0.049790
0.104899
-0.013134
0.021994
-0.038950
0.021224
0.086043
0.029992
0.071399
-0.089018
-0.171410
-0.038646
0.001328
0.237540
0.038345
0.079258
0.009710
-0.026698
0.074433
-0.035819
0.143867
0.052945
-0.022437
-0.105398
0.079379
0.005675
-0.053964
0.026767
0.004631
0.007086
0.023418
0.011060
0.002146
0.035730
0.000242
0.040047
0.016713
-0.011158
0.075912
-0.101171
-0.031885
-0.020346
-0.010339
0.052614
0.019415
-0.026713
0.011623
-0.234788
0.087737
-0.076720
0.096424
-0.032405
-0.034867
-0.196791
0.197795
0.038864
0.343229
0.046362
0.095931
-0.079190
-0.093840
0.227433
0.309707
0.022472
-0.130722
-0.109615
-0.086557
0.070448
-0.127191
