0.030380
0.036309
0.015010
-0.045066
0.011647
-0.037225
0.031259
-0.018868
0.043026
0.046114
-0.028337
0.074717
0.045439
-0.054466
0.072359
-0.047965
-0.026337
-0.028420
-0.079707
-0.000110
-0.027353
-0.086004
-0.009455
-0.020959
0.015223
0.000220
-0.055870
-0.075865
-0.066881
0.006078
0.024687
0.027367
-0.007903
-0.037520
-0.190153
0.085929
0.170871
-0.064404
-0.160709
-0.037495
-0.140147
0.145317
-0.229760
0.180587
0.156847
0.012485
-0.217173
-0.095790
0.048510
0.230343
-0.145770
0.014042
0.061690
0.058861
-0.147805
0.001120
0.001990
-0.162880
-0.011935
0.123454
0.138048
-0.088619
-0.096232
0.077904
0.098146
-0.062016
-0.016250
0.009141
0.061954
-0.114371
-0.161531
0.162596
0.184169
0.276594
-0.139885
-0.087750
-0.041478
0.043547
-0.027413
-0.011158
0.025782
0.125958
0.023534
0.060322
-0.076127
-0.012368
0.054016
-0.089416
0.009348
0.026816
-0.077949
-0.002999
0.033979
-0.100399
-0.012882
0.029928
-0.062489
-0.015065
0.052058
0.050013
-0.077693
0.003856
0.117910
0.073313
-0.088295
0.024647
-0.019985
-0.018843
0.135329
0.139267
-0.127484
-0.018628
-0.037210
0.023957
-0.014893
-0.060980
0.046813
-0.011022
0.034360
0.069506
0.014053
0.062223
-0.014995
-0.095357
0.103393
0.034604
-0.011089
-0.116620
0.021069
0.019237
0.024816
-0.014627
