-0.022705
0.029355
0.036132
0.008902
0.013624
-0.045035
0.008234
0.055754
0.000472
-0.008175
0.034952
0.021488
-0.020876
0.071047
-0.017941
-0.164381
0.136864
0.060965
-0.020032
0.037342
0.038080
0.023731
-0.000109
0.044350
0.013808
-0.049148
-0.099584
0.017420
0.049194
0.072612
0.016204
0.136023
0.061754
0.028354
0.103375
0.028333
-0.003175
0.020323
-0.034013
0.015494
0.079982
-0.073791
0.042269
0.030197
-0.031965
-0.048051
0.000031
-0.076422
-0.026161
0.063101
0.007923
0.032810
-0.006038
-0.028792
0.040568
-0.053598
-0.022128
-0.021775
0.054381
0.015864
0.002975
0.015850
-0.015087
-0.025346
0.006498
-0.040083
0.012594
0.023000
0.036919
-0.057022
0.001632
-0.051802
-0.012784
0.129124
-0.018676
-0.002142
0.003331
-0.033328
0.031530
-0.076153
-0.021221
-0.079284
-0.153956
0.062858
0.037044
-0.024281
0.040241
0.036724
-0.003818
0.036804
0.067340
0.024673
0.007670
0.078547
0.042926
0.017606
0.063846
-0.006106
-0.035547
0.085656
-0.023407
-0.038097
0.116654
-0.078938
-0.148552
0.091656
-0.017161
0.002523
-0.076256
-0.418471
0.097777
0.041181
0.054810
-0.019820
0.146906
0.090350
-0.198584
-0.032280
0.108926
0.015610
-0.096754
-0.127954
0.061392
-0.332319
0.344004
-0.020488
-0.027989
-0.210404
0.245546
0.106581
0.149192
0.042136
