-0.029485
-0.040862
0.105642
0.027915
-0.000875
-0.018666
-0.040355
-0.030472
0.079390
-0.045840
-0.042913
0.112187
0.028965
-0.072012
0.038323
0.059874
-0.058798
0.007499
0.017068
0.011285
-0.052965
0.029921
0.029870
-0.054110
0.023478
0.078775
0.009803
0.039728
0.114377
-0.116539
0.241179
0.091055
0.116075
-0.018154
0.140883
-0.122689
0.122405
-0.042047
-0.080631
-0.051943
0.075459
-0.205392
0.148058
-0.023551
-0.029455
-0.368157
-0.024545
-0.015813
0.053964
0.164679
0.040485
0.018393
-0.114489
-0.136699
-0.146850
0.000904
-0.054708
0.097416
0.043593
0.142071
-0.024532
0.017061
-0.010469
-0.044838
-0.049037
-0.023950
0.023164
0.008506
0.037199
-0.002709
-0.012047
0.000455
0.053499
0.028256
0.054192
-0.034979
-0.158864
0.015540
-0.116593
-0.044613
0.033245
-0.287661
-0.074904
0.114578
-0.117165
0.000192
0.021750
-0.077837
0.002604
0.007330
-0.045790
0.013007
-0.030769
-0.058126
-0.027396
-0.019308
-0.047528
0.088670
-0.040693
-0.012533
0.056319
-0.030045
-0.061288
-0.143862
-0.028540
0.027590
0.011284
0.043311
0.073730
0.090480
0.061033
0.078327
-0.088796
0.041337
0.037882
-0.068653
-0.065543
0.140447
-0.036083
0.196476
0.024019
0.046436
-0.080500
0.031637
0.038694
0.224456
-0.015782
0.021078
-0.109073
-0.132885
-0.034215
-0.071721
