-0.072893
0.038065
-0.012432
0.003740
-0.015516
0.013865
-0.098976
0.030178
0.010901
-0.083443
0.044868
-0.016764
-0.008735
-0.000253
-0.089574
0.252652
-0.217870
-0.016908
0.037141
-0.074389
0.000762
0.003932
-0.023080
-0.004543
0.052665
0.043259
-0.055185
0.008073
-0.061276
-0.033516
0.076104
-0.038507
-0.001283
-0.010570
-0.071953
-0.021275
-0.081621
0.019157
0.052731
-0.015016
0.041574
-0.049207
0.044339
-0.066337
-0.090385
0.013230
0.233517
0.197943
0.013710
-0.236708
0.097678
-0.112064
-0.012924
-0.192702
-0.028571
0.025529
0.116045
-0.023427
0.042263
-0.078115
0.119588
-0.063668
0.018832
0.117754
0.078120
-0.075925
-0.019210
-0.049918
0.021262
-0.132850
-0.075055
0.098470
0.164855
0.128197
-0.012832
-0.086671
-0.188400
0.074033
-0.095286
0.154955
0.115995
-0.037763
0.275194
-0.345691
-0.031901
0.139411
0.103365
-0.034394
0.029454
0.065307
-0.012244
-0.030931
0.061577
-0.003981
-0.047097
0.074846
-0.019407
-0.033872
0.016938
0.046811
-0.069757
-0.017701
0.067665
0.015442
-0.109947
0.011821
-0.012813
-0.005949
0.015071
-0.020848
0.030377
0.016123
0.007130
-0.010893
0.046101
0.017870
-0.027184
0.053084
0.022522
0.031506
-0.027167
-0.033501
-0.013384
-0.133406
0.109422
-0.025733
-0.003554
-0.094858
-0.046254
0.062646
0.084623
0.033104
