-0.137385
0.015341
0.088988
0.010872
-0.003717
-0.021754
-0.092129
-0.045320
0.028251
-0.018294
-0.020627
0.076845
0.117363
-0.105628
-0.064927
-0.065237
0.266111
-0.279930
0.084438
0.106541
-0.200933
0.138131
-0.083450
-0.164034
-0.056849
0.053305
0.128672
0.129910
-0.016921
-0.080850
0.259325
-0.086092
0.067492
-0.002276
0.003303
-0.055369
-0.124574
0.059825
0.175151
0.036075
0.003370
0.065852
-0.015779
0.044099
-0.006566
0.138979
-0.032994
-0.002859
-0.015040
-0.120315
-0.076380
0.077288
0.111584
0.201043
-0.009957
0.015769
-0.182966
0.080702
0.025592
-0.009417
-0.091022
0.022358
-0.003052
-0.092058
-0.055937
0.083157
0.042606
-0.021362
-0.020439
0.075591
-0.022673
-0.044654
0.029088
-0.007275
-0.086075
-0.161239
0.009183
0.192808
-0.040527
-0.020006
0.175839
-0.028303
0.049953
0.049884
-0.059546
-0.064460
0.102112
-0.051462
-0.064243
0.024904
0.020439
-0.070864
-0.053968
0.031080
-0.127332
-0.029911
0.009624
-0.033941
-0.095405
0.005702
-0.033482
-0.094065
0.146308
0.065829
-0.147832
-0.032300
0.019456
-0.043565
-0.062054
0.015405
0.006341
-0.017277
-0.009094
-0.009453
-0.005084
-0.015432
0.026960
-0.013307
-0.004674
-0.010977
0.030955
0.060861
-0.023360
-0.043685
0.001679
-0.000481
0.007183
-0.068614
-0.112573
0.092419
0.097812
0.111797
