-0.079711
-0.013763
0.012274
-0.008028
-0.008030
-0.009936
-0.041326
-0.000715
-0.022241
-0.015652
0.029982
-0.072041
0.030781
0.025810
-0.124033
-0.036643
0.192853
-0.105527
0.068804
0.073320
-0.057021
0.031522
-0.015040
-0.037580
0.048114
0.002834
-0.076624
0.030992
-0.036116
0.000241
0.092579
-0.035984
0.013672
-0.045759
-0.072947
0.038589
-0.032012
0.014876
0.013151
-0.038277
-0.016205
0.064975
-0.149142
0.018543
-0.028938
0.078142
0.092361
0.162659
0.236880
-0.090254
0.047389
-0.085937
-0.092132
-0.080434
-0.301671
0.081175
0.058099
-0.070933
0.008229
0.037177
0.326792
-0.102227
0.018431
0.275941
0.137665
-0.114508
-0.091165
-0.032077
-0.009207
-0.143723
0.004516
0.109233
-0.052857
-0.116644
-0.022871
0.041512
0.120928
0.014913
0.010722
-0.073910
-0.031334
-0.314062
-0.227065
0.228645
0.053725
-0.019259
-0.057807
0.080566
0.009021
-0.003775
0.059193
0.025307
0.010761
0.062900
0.025291
0.013191
0.056890
0.017007
0.025437
0.024497
0.035171
0.038297
-0.030442
0.004585
0.015629
0.007441
0.058865
0.035237
-0.019459
-0.041529
-0.008105
-0.000544
0.067184
0.011329
0.019399
0.088222
-0.008096
-0.079522
-0.016936
-0.053824
-0.004624
-0.055486
0.024996
0.092345
-0.038116
-0.018614
0.054829
0.079919
-0.052571
-0.044919
-0.068658
0.028299
