-0.041395
-0.042153
-0.066903
-0.004327
-0.002024
0.038401
-0.005253
0.009117
-0.063336
0.001743
0.036087
-0.150874
-0.039339
0.077014
-0.051725
-0.089024
0.101785
-0.061108
-0.015457
-0.009661
0.024004
-0.028263
-0.079318
0.037455
0.044278
0.066407
0.009038
-0.045470
-0.114616
0.225863
0.032218
0.130788
0.123885
-0.012951
-0.073207
0.161101
0.167099
-0.069801
-0.165701
-0.027508
-0.021019
0.106862
-0.185999
-0.069886
0.004016
0.089890
0.198667
0.193798
0.019703
0.019754
0.072180
-0.142236
-0.241072
-0.059330
0.034951
0.035983
-0.023513
0.133115
0.034105
0.045923
-0.040903
0.168174
-0.146994
-0.088726
-0.358177
0.185186
0.022991
0.118686
0.009549
0.146976
-0.014962
-0.006726
0.081510
0.091766
0.009060
-0.123324
-0.049972
-0.092077
-0.095266
0.040231
-0.047571
-0.008098
0.129699
0.120529
0.038637
0.012424
-0.126483
0.044731
-0.051150
-0.041270
0.049734
-0.090869
-0.036187
0.030495
-0.099476
-0.053696
0.052591
-0.096998
0.023828
-0.016025
-0.070530
0.053780
-0.006702
0.023663
-0.010304
-0.069834
0.010878
0.054798
-0.056971
0.073998
-0.018554
-0.015285
-0.003592
0.028610
0.050268
0.010568
-0.115568
0.023416
-0.000005
0.088786
-0.027065
0.029685
-0.011256
-0.011349
0.034823
0.065446
0.022332
-0.019301
-0.069478
-0.029707
0.013523
0.038295
