-0.100828
0.009089
0.014983
0.006208
0.011316
-0.022697
-0.023436
0.034457
-0.029231
-0.016162
0.031479
-0.020836
0.011974
0.009008
-0.012696
0.041592
-0.139987
0.161132
0.044324
-0.095388
0.085555
0.059338
0.005283
0.056716
0.008973
0.008544
0.023808
0.070565
-0.024103
-0.067757
-0.099600
-0.155874
-0.137711
0.013198
-0.041994
-0.031935
-0.142933
0.033623
0.141510
0.029435
-0.038889
0.052280
-0.026066
0.112490
0.077549
0.043071
-0.156081
-0.156676
0.126359
0.126439
-0.021102
0.201102
-0.168768
0.166558
-0.290790
0.086615
-0.319660
0.003208
0.041905
0.223381
0.042104
0.066575
-0.043168
0.000529
-0.156334
0.061338
0.011395
0.051379
-0.029789
0.150383
-0.000227
0.015958
0.011034
-0.038520
0.070475
-0.049506
-0.168869
-0.140435
-0.055441
0.110920
-0.048446
-0.225928
0.101628
-0.204699
0.081604
0.156573
-0.042573
0.121208
0.031182
0.013725
0.092175
0.007061
0.039752
0.099548
0.036069
0.033099
0.082903
-0.020946
0.017003
0.035361
0.013787
0.020059
-0.038536
0.014634
0.023760
0.014265
0.040398
0.007107
-0.029298
-0.043668
-0.060859
-0.003064
0.025757
0.010573
0.014761
0.037238
-0.033278
-0.068296
0.038540
-0.040857
-0.027448
-0.016930
0.020356
-0.009649
0.019534
-0.023573
0.043367
-0.053108
-0.008906
0.044265
-0.003458
0.002602
