0.054968
-0.077289
0.044396
-0.009783
0.007371
-0.024263
0.068917
0.001026
0.050563
-0.004091
-0.019795
0.030619
-0.062469
0.113416
0.001680
0.010862
0.171958
-0.103250
0.022919
0.061078
0.022604
-0.042846
-0.030544
0.030116
0.022930
0.001655
0.024584
-0.048855
-0.038997
0.010425
-0.059119
0.062484
0.018958
0.052228
-0.037282
-0.031139
-0.128962
0.028698
0.084868
0.021892
0.059676
-0.167366
0.287100
-0.021134
-0.012185
-0.172536
0.035429
-0.053655
-0.137237
-0.130704
0.056802
0.168853
0.004984
-0.070103
0.119219
0.079806
-0.053628
-0.302861
-0.019150
0.034210
0.106874
0.011865
-0.036558
0.066419
-0.022128
0.058708
-0.043930
-0.009932
-0.015464
0.161267
-0.144752
0.248992
0.053640
0.105796
-0.056038
-0.269083
-0.012824
-0.052403
-0.079393
-0.060739
-0.054995
-0.019001
-0.045794
0.077332
0.035660
-0.061865
-0.109838
0.037286
-0.040141
-0.001573
0.022533
-0.065674
0.016126
-0.034480
-0.119941
-0.007087
0.019800
0.006299
0.100456
-0.002738
0.004446
0.112047
-0.166289
0.055672
0.198861
0.030087
-0.060849
0.041562
0.127106
0.120443
-0.117391
-0.001478
-0.090786
0.005512
0.061470
-0.073571
-0.032460
-0.125071
-0.041914
-0.132531
0.014001
0.017761
-0.014485
-0.062889
0.048390
-0.152051
0.066197
-0.024801
-0.018247
0.069865
0.018559
0.086347
