0.299399
-0.128506
-0.087302
-0.019699
0.019166
-0.014378
0.110817
0.029082
0.048381
-0.076632
-0.060533
0.022167
-0.234994
0.213867
0.021274
0.255553
-0.071757
-0.138873
0.130728
0.018071
-0.142391
0.149144
-0.023467
-0.111835
0.005375
0.009025
0.016179
0.137727
0.107358
-0.074904
-0.161402
0.028814
0.084839
-0.036509
0.049822
0.023011
0.004848
0.053930
-0.006289
-0.000425
-0.068886
0.096583
-0.203897
-0.033454
-0.029085
0.032028
-0.046421
0.087506
0.011889
0.144086
-0.053635
-0.115553
-0.044841
0.035561
-0.033419
-0.038964
0.005609
0.101680
0.008659
-0.015199
-0.039186
0.040743
0.014411
-0.059703
-0.069163
0.003625
0.010086
0.039388
-0.001855
-0.070497
0.040554
-0.045312
0.078317
-0.009446
-0.045871
-0.039028
-0.032365
0.202916
-0.045457
-0.019998
0.161434
-0.119280
-0.021001
0.010799
-0.010260
-0.037975
0.098483
-0.025906
-0.023309
0.022624
0.042159
-0.012343
-0.034106
0.020337
-0.040531
-0.021867
0.034090
0.105798
0.003879
-0.014006
0.125658
0.049408
-0.227370
-0.034598
0.220832
0.107146
-0.042463
-0.009160
0.119312
-0.113943
-0.121338
-0.022774
0.002804
0.001897
-0.104039
-0.022328
0.011060
-0.029967
0.056969
-0.083890
-0.002104
0.010571
-0.006205
-0.072478
0.032124
-0.095629
-0.038052
-0.072919
0.111604
0.093677
0.060225
-0.037061
