-0.054544
0.034934
-0.118119
-0.007307
-0.011357
0.008493
0.010629
-0.009976
-0.048945
0.050013
0.008413
-0.045221
-0.004676
-0.010929
0.133382
-0.272197
0.085315
0.154469
-0.005726
-0.044659
0.032233
0.067099
-0.023755
0.001170
-0.007724
0.021670
0.039210
0.045841
0.027564
0.021203
0.042079
0.094674
0.052111
0.015799
0.060971
-0.014103
-0.065100
0.012089
0.012346
-0.002705
-0.016015
0.005028
-0.023140
-0.001932
-0.032552
-0.045752
-0.093295
0.014688
0.141040
0.065819
-0.005032
-0.073744
-0.024333
-0.000507
-0.100300
-0.040311
0.048665
0.042854
-0.001181
-0.006179
0.006999
-0.088033
0.075245
0.058592
0.156007
-0.128978
-0.023602
-0.056906
0.011392
-0.099418
0.051196
-0.048469
-0.041133
-0.166942
0.045869
0.128383
0.016644
0.003724
-0.038583
0.079832
0.018907
0.062179
0.147142
-0.073912
0.137522
0.021929
-0.021878
0.041963
-0.074773
-0.103992
0.056632
-0.126335
-0.145347
0.080970
-0.164320
-0.130215
0.043506
-0.069731
-0.090134
-0.107446
0.008302
-0.032012
-0.175216
0.051497
0.187500
-0.070184
-0.072291
-0.004271
0.030299
0.202352
0.019492
0.037113
-0.161966
-0.013556
0.057477
-0.205452
0.038959
0.156041
-0.086003
0.089935
0.006699
0.040657
-0.047729
-0.240572
0.170616
-0.162505
0.043866
-0.139828
-0.088939
0.065262
0.041118
0.217950
