-0.035905
0.002646
0.062459
-0.001546
-0.009319
-0.009562
-0.021409
0.064239
0.027410
-0.017051
0.064071
0.022647
0.065110
0.012377
-0.063838
0.058367
-0.073339
-0.049984
-0.059668
0.002037
-0.046736
-0.129608
0.003238
-0.030447
-0.003136
0.018909
-0.052762
-0.117215
-0.083357
-0.079156
0.118773
0.000842
0.015815
-0.011685
-0.227583
-0.009330
0.010905
0.008879
0.007576
-0.009777
-0.028665
-0.038175
0.107670
0.017682
0.056714
-0.010807
0.143260
0.040382
-0.139663
-0.015667
0.023877
0.089543
-0.104936
-0.002252
-0.213171
-0.007050
-0.056916
0.344021
0.122228
0.000980
-0.015325
-0.053385
0.017782
-0.153125
-0.028551
0.080264
0.024148
-0.000172
-0.011770
-0.087684
0.098896
-0.172212
-0.053239
-0.125664
0.018534
0.186263
0.130358
0.021058
-0.000542
-0.003174
-0.027997
0.043666
-0.042812
0.112980
0.009652
0.015467
0.009873
-0.046593
0.076319
0.030831
-0.127777
0.087456
0.123015
-0.129838
0.114945
0.110908
-0.114204
0.009044
0.116644
0.018110
-0.097160
0.078585
0.001884
0.138473
0.099152
0.024731
-0.100003
0.013290
0.132095
0.037878
-0.072569
-0.059248
-0.146815
-0.001932
0.133559
-0.186261
-0.062246
-0.218707
0.000231
-0.131546
0.014495
0.051030
-0.017557
-0.118121
0.102390
-0.136998
0.099160
-0.068502
0.054998
0.048289
0.017775
0.047907
