0.135736
-0.061362
-0.026318
0.006071
0.005053
0.007923
0.116313
-0.011586
0.009360
0.040493
-0.057441
0.002944
-0.104656
0.120771
0.040180
-0.134194
-0.063288
-0.078583
-0.086027
-0.111771
-0.049278
-0.031832
-0.135625
-0.040623
0.003690
-0.001698
-0.022105
-0.056808
-0.062061
0.120186
-0.014652
0.205485
0.129035
-0.106526
0.082061
0.003610
0.082914
-0.005845
-0.046905
-0.114765
0.057748
-0.048026
0.066403
-0.133049
0.087322
-0.110445
0.133295
-0.008705
-0.120207
-0.127421
-0.115359
0.371229
-0.038304
0.036741
-0.311238
0.049512
-0.133527
-0.008364
0.084084
0.086378
0.181313
-0.068408
-0.003721
-0.010248
0.089534
0.065269
0.002793
-0.035360
-0.015813
-0.071495
-0.011766
-0.112245
-0.038081
-0.016907
-0.089746
-0.029563
0.126453
0.151622
0.048470
0.027260
0.106215
0.189813
0.026094
-0.174804
0.074783
0.019422
0.137110
0.013261
-0.025440
0.026753
0.068270
-0.065457
-0.028094
0.099338
-0.044227
-0.012151
0.063346
-0.083274
-0.073152
-0.020706
-0.018371
-0.037887
-0.017354
0.001898
0.008609
-0.054131
0.033883
0.008312
-0.091166
0.006670
0.032814
-0.019210
0.099587
0.010403
-0.016580
0.122791
-0.012486
0.039089
0.030865
0.063637
-0.021918
-0.048225
0.030003
0.104683
-0.082335
0.055881
-0.046110
0.048887
0.013909
-0.060665
-0.010700
-0.098589
