-0.026824
0.121585
-0.196894
-0.007924
0.001079
0.010272
-0.065128
0.003528
-0.063843
-0.002710
0.027873
-0.059723
0.053462
-0.132490
0.125663
0.008896
-0.025437
0.086895
0.027134
0.009901
0.005895
0.027941
0.054257
-0.007772
0.018225
-0.006922
-0.028150
0.032124
0.095586
-0.096496
0.079896
-0.084862
-0.016716
-0.062597
0.084820
-0.056924
0.076207
-0.018706
-0.071605
-0.027666
-0.012144
0.049058
-0.076289
-0.038540
-0.061783
-0.003892
0.084435
0.182080
-0.017465
-0.077105
0.003566
0.020336
-0.154189
0.057962
0.085638
0.149464
-0.203626
-0.268318
0.012322
0.105650
0.153318
0.130188
-0.033802
0.071680
-0.272107
0.062222
-0.039364
0.101572
-0.025529
-0.007133
0.036556
-0.018654
-0.125910
-0.033440
-0.099643
-0.067315
0.281274
0.086042
0.086545
-0.090345
-0.006861
0.069129
-0.163227
-0.221641
-0.004997
-0.104336
0.022094
-0.037781
0.004979
0.032164
-0.110977
0.084601
0.079522
-0.078348
0.079377
0.106538
-0.115546
0.102776
0.009084
-0.029606
0.079320
-0.057618
-0.006873
-0.032373
0.020756
0.060155
-0.061531
-0.047181
0.104609
-0.019143
0.137265
0.025670
-0.077028
-0.041845
-0.061119
-0.135976
0.092371
0.156022
-0.030411
0.037214
0.001778
0.011030
-0.017616
-0.103154
0.040063
-0.047682
-0.001686
-0.073823
0.003651
-0.002272
0.027604
0.035935
