-0.034707
-0.030056
-0.018346
0.011592
-0.014489
-0.007205
0.024435
-0.007817
-0.022699
0.024140
-0.007305
-0.049030
-0.067558
0.046292
0.082528
0.042980
0.025125
-0.129423
0.007187
-0.009350
-0.016013
-0.009267
-0.063927
0.006205
0.047079
0.046624
-0.054421
-0.013194
-0.046446
0.053700
-0.054846
0.091012
0.019409
0.150791
-0.144002
0.078027
-0.166418
0.010885
0.120340
0.113684
-0.004038
-0.132154
0.230264
0.182235
-0.103704
-0.239386
-0.201615
-0.040193
0.260176
0.199827
0.110419
-0.233935
-0.139900
0.000104
-0.014514
0.043196
0.015324
0.029564
-0.044054
0.056870
0.009670
0.068769
-0.020768
0.086497
-0.136956
-0.056165
-0.014331
0.060452
0.010214
-0.072138
0.080538
-0.062537
-0.010593
-0.141852
-0.064210
-0.003517
0.259420
0.174059
0.035263
0.018464
0.074335
0.188488
0.054719
-0.159518
-0.019217
-0.089272
-0.027087
-0.026975
-0.070401
0.010138
-0.044591
-0.078443
0.031442
-0.107618
-0.106152
0.007990
-0.027467
-0.042981
0.100590
0.051541
-0.103587
0.085974
0.106536
-0.009400
-0.129020
-0.016895
0.011343
0.046783
-0.015377
-0.062747
-0.037845
-0.000440
0.086757
0.036103
0.007645
0.137416
-0.056874
-0.045578
0.035616
0.022509
0.008053
0.003787
-0.017816
0.062707
-0.055756
0.034305
0.000058
0.029420
-0.027188
0.023161
-0.009155
-0.020404
