0.105343
-0.021477
-0.199293
-0.012895
0.006187
0.019256
0.088739
-0.080252
-0.042255
0.086533
-0.069236
-0.068308
-0.073909
-0.023522
0.217341
0.160009
0.060478
-0.072765
0.061546
0.072302
-0.030427
-0.013111
0.032171
-0.012169
0.005357
-0.002343
0.021826
-0.025268
0.044202
-0.073653
-0.147328
-0.030871
-0.052391
-0.053805
-0.020175
-0.032338
0.058216
-0.000617
-0.043871
-0.076281
0.020636
-0.009970
0.061837
-0.026862
0.086856
-0.076256
0.055787
-0.000779
0.006489
-0.042372
-0.097914
0.094168
-0.007424
0.063231
-0.145124
-0.024677
0.032630
0.185482
0.019131
-0.060647
-0.091618
-0.064380
0.002898
0.002359
0.124004
0.055253
0.012901
-0.033010
-0.016159
0.102366
-0.051097
0.065497
0.004103
-0.010041
0.017122
-0.012521
0.048164
-0.095678
-0.100807
0.005525
-0.111088
-0.030813
0.038958
0.105447
0.093312
-0.011942
-0.187191
0.031193
0.050180
0.008020
-0.085467
0.022891
0.116652
-0.100017
-0.105657
0.134487
-0.093505
0.102438
0.143945
0.028508
0.046228
0.063653
0.123711
-0.084757
-0.201388
0.002197
0.053098
-0.001395
-0.107606
-0.077260
0.052139
0.065859
0.122779
0.016649
-0.158835
0.142509
0.028018
0.208166
-0.014538
0.041301
-0.028011
-0.009566
0.000061
-0.133145
-0.007306
-0.112148
-0.030511
-0.074177
-0.199662
0.037485
-0.025310
0.359724
