-0.059462
-0.041402
-0.007793
-0.014660
0.016112
0.007830
-0.000528
-0.014385
-0.052111
0.035563
0.010678
-0.062626
0.006990
0.039037
-0.006060
0.155136
-0.133345
-0.189165
-0.066483
-0.070317
-0.034204
-0.128616
-0.053500
-0.028927
-0.029211
-0.030855
0.052483
-0.148621
-0.025046
0.091457
-0.065934
0.018899
0.009720
-0.163351
0.178364
-0.061087
0.087836
-0.025274
-0.053084
-0.186345
0.139804
-0.011527
0.086188
-0.020520
0.155899
-0.098405
0.031790
-0.117353
0.391992
-0.110259
-0.097525
-0.240499
-0.033657
0.313409
0.087149
0.005141
-0.048111
0.056708
0.016241
-0.074554
-0.139309
-0.016138
0.020858
0.075198
0.016030
-0.108052
-0.030422
0.012556
0.011244
0.087410
-0.033901
0.134528
-0.033701
0.017246
-0.014750
-0.146329
0.029353
0.011696
0.079057
-0.016343
0.020509
0.033782
-0.094377
0.017447
0.084631
0.062727
0.098545
0.063608
0.099363
0.023199
0.037790
0.088941
0.033603
0.107517
0.133463
0.068611
0.030987
-0.035110
-0.088370
-0.035315
0.012789
-0.083341
-0.002663
0.025400
0.063539
-0.031266
-0.003515
-0.000399
-0.053466
0.031104
0.045672
-0.049540
-0.115270
-0.019282
0.132392
-0.116045
-0.023692
-0.139269
-0.026415
-0.015154
0.031506
0.022532
-0.031119
-0.050403
0.057061
0.050670
0.034982
-0.012780
-0.029678
0.033772
0.012315
0.016371
