0.031285
-0.228036
0.057819
-0.004327
0.017075
-0.024558
0.163318
-0.049346
0.013853
0.164768
-0.018485
-0.071405
0.006288
0.141912
0.081732
0.147206
-0.006754
0.119074
0.044298
0.106598
0.013269
-0.004590
0.149405
0.002646
0.000098
-0.050556
-0.020555
-0.006098
0.098575
-0.087732
-0.139899
-0.008065
0.010692
0.007624
-0.046795
0.008753
0.019538
-0.020602
-0.030408
-0.005015
-0.045269
0.024844
-0.039791
-0.041630
0.034634
0.032147
0.080840
0.013457
-0.086022
-0.017797
-0.034939
0.108949
-0.032987
0.040038
0.146236
0.020187
-0.091939
-0.232668
0.021930
0.033852
0.063768
0.046268
0.089407
0.031609
-0.121038
-0.150614
-0.019166
0.039714
0.011652
-0.176393
0.090925
-0.076092
0.046072
-0.066580
0.088822
0.157397
-0.104587
0.095664
-0.093358
-0.022234
0.084495
-0.056087
-0.004375
0.019375
0.096561
-0.050361
0.092553
-0.066381
0.006643
-0.048973
-0.025874
0.003028
-0.114211
-0.040682
-0.013159
-0.131461
-0.024079
0.036118
-0.046594
-0.024779
-0.035856
0.003632
0.201552
0.018601
-0.166138
-0.117682
0.073256
0.079693
-0.181915
0.032848
0.005362
-0.086027
-0.081064
0.074374
0.171556
-0.047271
-0.104749
-0.254376
-0.130144
0.104027
0.061022
0.068470
-0.032359
-0.006663
0.024403
0.068861
0.145156
0.026799
-0.176271
0.047037
-0.012786
0.124455
