0.136349
-0.082007
-0.106432
-0.012426
0.020927
-0.034485
-0.030169
0.094834
-0.022634
-0.134300
0.039598
0.007745
-0.052783
-0.008400
0.159004
-0.272889
-0.242117
0.023463
-0.132416
-0.195900
-0.132923
0.012124
-0.094744
-0.163906
-0.016426
0.017141
0.039995
0.011424
-0.006262
-0.124525
0.286718
0.118145
0.093900
0.010446
-0.136500
-0.018034
-0.054079
0.055110
0.057956
0.030670
-0.056554
0.002440
0.041332
0.059568
-0.028483
-0.026944
0.018767
0.153251
-0.072077
-0.026242
-0.104472
-0.024326
0.041414
0.135441
0.146145
-0.012646
-0.070329
-0.111871
0.020255
-0.051722
-0.023875
0.055735
0.107473
0.073850
-0.107520
-0.189950
-0.046571
0.052554
0.031163
-0.008508
0.041221
0.107960
-0.015252
0.007236
0.015408
0.090937
-0.082238
-0.115619
0.040890
0.068836
-0.079452
0.045507
0.021902
0.157412
-0.034911
0.141218
-0.018984
0.053970
0.066288
-0.040283
0.007129
0.042964
0.025350
0.021074
0.008540
0.048594
0.016721
0.034742
-0.000905
0.090087
-0.022868
0.008858
-0.061518
0.008081
0.065509
0.081523
0.020499
0.035800
0.066289
-0.136025
-0.017602
-0.049441
0.092622
0.038838
-0.046531
0.137696
-0.047372
-0.109425
0.104174
-0.005789
0.010297
-0.006190
-0.017224
0.032909
-0.075888
0.117342
-0.036643
-0.022013
-0.175165
0.069638
-0.062440
0.176583
