0.081035
-0.037314
-0.033830
0.006226
-0.003658
0.025398
0.058444
-0.035159
-0.020947
0.060459
-0.038819
-0.034651
-0.021784
0.001000
0.060009
-0.028626
-0.130463
0.030211
-0.051468
-0.066225
-0.022542
0.015150
0.005577
-0.057730
-0.010258
0.004854
-0.039355
-0.002248
0.120492
-0.053565
-0.049858
0.043811
0.055439
0.089493
0.070188
-0.050818
-0.076166
0.028354
0.062894
0.143492
-0.046851
0.045963
0.004545
0.120771
-0.222575
0.001372
-0.175015
0.225104
-0.044334
0.083485
0.020923
-0.037932
0.134774
-0.192229
-0.122408
-0.042836
0.179698
0.112234
-0.077032
0.017604
0.114070
-0.007631
-0.181183
-0.046283
0.084629
0.323548
0.022786
-0.036955
-0.065149
0.124831
-0.115486
0.009862
-0.020193
0.088254
-0.032774
-0.171249
0.069805
-0.055707
0.062169
-0.067043
-0.022561
0.014544
-0.124968
-0.070271
0.089658
-0.002098
0.075808
0.055612
0.040702
0.013394
0.025340
0.094658
0.017973
0.136190
0.161202
0.068137
0.002593
0.006451
-0.102475
-0.022650
-0.001875
-0.086948
0.054676
0.040034
0.006288
-0.071496
0.063816
-0.045686
-0.149935
-0.011630
0.034189
-0.153528
-0.084136
-0.055212
0.120990
-0.137273
-0.025318
-0.171195
0.011102
0.056388
0.035471
0.048134
-0.020658
-0.021756
-0.024814
0.114946
0.067065
0.012199
-0.186702
0.048685
-0.024515
0.139075
