0.088523
0.059276
-0.056088
0.015555
-0.018221
-0.003312
0.061805
-0.069172
0.065193
0.038067
-0.079119
0.099779
-0.029480
-0.007569
0.010796
0.176177
-0.071756
-0.239708
-0.068444
-0.009535
-0.099736
-0.121415
-0.048060
-0.082442
-0.032215
0.007164
0.026124
-0.139243
-0.073100
-0.010026
0.029700
0.118334
0.066803
0.119574
-0.152820
-0.032460
-0.106293
0.007850
0.076252
0.099931
-0.091592
-0.064762
0.025182
0.042148
0.028756
0.089273
-0.024195
-0.148189
-0.035524
0.045481
0.150614
-0.018856
-0.044158
-0.107934
0.092322
0.029054
-0.040929
-0.129905
-0.028924
0.067482
0.117861
0.064297
-0.018394
-0.027511
-0.148854
-0.043409
0.016301
0.034564
0.003703
-0.050112
0.062118
-0.063020
0.056263
-0.032035
0.085621
0.094730
-0.068104
-0.066171
0.024639
-0.014268
-0.007306
-0.073441
-0.090167
0.184132
0.134710
0.099502
0.120194
0.036906
0.116142
0.010345
0.039807
0.050996
0.014389
0.174461
0.143493
0.062180
0.023178
-0.122934
-0.108176
-0.045786
-0.079345
-0.097306
0.009153
0.004188
-0.017815
-0.134038
0.033927
-0.109575
-0.169976
0.140449
0.074189
0.065098
0.049040
-0.101089
-0.085326
-0.042326
0.104145
0.334145
-0.019341
0.020692
-0.017314
-0.041119
0.021809
-0.063550
0.022385
-0.194456
-0.021290
-0.072441
0.072593
-0.052805
-0.038330
0.005135
