0.062499
-0.077884
-0.229000
0.022361
0.004825
0.030864
0.014192
0.074186
-0.117030
-0.060701
0.042213
-0.072440
-0.078172
0.037468
0.275979
-0.040287
0.085158
0.033982
0.153817
-0.020471
-0.048460
0.114406
-0.039960
-0.056338
0.015873
-0.001386
0.042426
0.105642
-0.004407
-0.119116
0.122896
0.046699
0.024247
0.006266
-0.124765
-0.021456
-0.034808
0.021184
0.043173
-0.018557
-0.052223
0.001063
0.030441
0.017642
-0.018968
-0.068146
0.019091
0.096718
0.041865
-0.054448
-0.100795
-0.012793
0.086402
0.055576
0.014887
-0.017398
-0.023009
0.012011
-0.010292
0.014938
-0.023781
-0.056371
0.003656
-0.025158
0.074416
-0.034200
0.022009
-0.012506
0.011387
0.036184
-0.029202
0.050379
0.046502
0.006195
0.003784
-0.031464
-0.067457
-0.064450
-0.055951
0.032524
-0.020111
-0.056631
0.074477
0.054647
0.184537
-0.031169
-0.115964
0.129431
-0.075135
-0.018008
-0.068624
0.012398
0.125762
-0.056521
0.015622
0.101235
-0.087425
-0.012956
0.068463
-0.062449
-0.028007
0.021442
0.113957
0.023487
-0.076332
-0.114311
0.009348
-0.046329
-0.185827
0.079854
0.073002
-0.045495
-0.084284
-0.067725
0.117809
-0.101088
0.019788
-0.025191
-0.118671
0.002579
0.014184
-0.012660
0.012638
0.048069
0.051821
0.020675
0.042069
0.079676
0.325576
-0.040807
0.098683
-0.472870
