-0.046473
0.003733
0.032570
0.011136
0.018792
0.015489
-0.001819
-0.001502
-0.038162
-0.022596
0.001548
-0.031606
0.000465
0.016957
-0.093678
0.083473
-0.029536
0.045733
-0.010896
0.044345
0.023213
-0.038918
0.028394
0.021534
0.004701
-0.036752
-0.015285
-0.026719
-0.074220
0.011118
-0.003240
-0.008848
0.001526
-0.108339
-0.029711
-0.004362
0.028415
-0.008162
-0.005681
-0.095494
0.046394
0.020561
0.196840
0.126108
-0.097898
-0.168943
-0.095196
0.240392
0.173689
-0.136423
-0.290539
-0.043966
0.238628
0.233094
0.059072
-0.014050
0.042150
-0.161778
-0.077693
0.061318
0.164901
0.048795
-0.215724
0.001969
-0.040326
0.386365
0.003985
-0.008543
-0.128780
-0.117940
0.044813
-0.233112
-0.007441
0.002234
0.086127
0.206828
-0.134869
-0.031775
-0.022569
0.058879
0.020725
-0.036430
0.058052
0.156894
-0.048974
0.045350
0.034049
-0.046106
0.022194
-0.018319
0.017830
-0.031760
-0.064384
-0.030695
-0.038524
-0.094345
0.027805
-0.008507
0.036594
0.005977
-0.000283
0.064946
-0.040448
-0.000758
0.001765
0.015787
-0.012716
0.017551
0.028107
-0.014693
-0.036778
0.050003
0.014498
0.008072
-0.044070
0.038194
-0.010124
0.098140
0.022690
-0.010248
-0.022214
-0.022517
0.020250
-0.048107
0.024529
-0.097053
-0.019727
-0.026472
0.043802
-0.024121
-0.004245
-0.019934
