0.204571
-0.121525
0.128057
0.006858
-0.002419
0.004874
0.069208
0.011724
0.138440
-0.047867
-0.033584
0.036091
-0.034254
0.147257
-0.184246
-0.211596
-0.081944
0.045075
-0.026699
-0.158860
0.016480
0.100047
-0.103810
-0.017618
-0.004824
0.059461
0.063693
0.108025
0.039716
-0.121156
0.152892
-0.019329
0.043572
-0.034764
0.073817
-0.075893
0.023107
-0.008506
0.002893
-0.058673
0.026788
-0.081258
-0.143697
-0.091613
0.214010
0.068119
0.049307
-0.318716
0.179385
-0.064995
0.185075
-0.184791
0.034964
-0.057284
0.097767
0.049187
0.029653
-0.117165
-0.078595
0.052736
0.137198
-0.000617
-0.152403
-0.049978
0.043981
0.230218
0.007912
-0.038246
-0.087528
-0.025447
0.014075
-0.106246
-0.004802
-0.063797
-0.011611
0.094595
0.047791
-0.010199
-0.054362
0.016725
-0.049529
0.043344
0.097255
-0.034724
0.002584
-0.029413
-0.107668
0.046146
-0.065674
0.060701
-0.070912
0.026658
0.141467
-0.065771
-0.048238
0.175888
-0.091419
0.087856
0.044626
-0.050229
0.100531
0.006378
0.066730
-0.052182
-0.100714
-0.013111
0.042757
0.008904
-0.054682
0.018113
-0.045431
0.034431
-0.011246
0.006195
0.009534
0.001829
0.007392
-0.049726
-0.097009
-0.051581
0.018315
0.015012
-0.012407
-0.016572
0.057585
-0.040369
0.023165
-0.014360
-0.062372
0.043400
0.013608
0.048930
