-0.072934
-0.325959
0.204513
0.009243
0.012347
-0.021628
0.091283
0.051597
0.007006
0.017740
0.054211
-0.078193
0.060604
0.233813
-0.011547
-0.061657
-0.044285
0.253972
-0.057068
0.049135
0.055805
-0.070512
0.116027
0.014188
-0.021999
-0.009580
0.012207
-0.057300
0.053592
-0.231252
0.177878
0.007241
0.019649
0.023675
-0.215523
-0.078734
-0.028030
0.004698
0.022102
-0.004317
-0.122413
-0.045348
-0.042829
0.048705
0.086008
-0.012951
0.076268
0.084973
0.061472
-0.050703
-0.049280
-0.085917
0.027136
0.054532
-0.037868
-0.035767
0.039509
0.165873
0.006328
-0.065701
-0.082739
0.006439
0.012818
0.020578
-0.049476
0.027412
0.000553
0.006384
0.011459
0.117979
-0.040912
0.130832
-0.025973
0.035866
-0.043503
-0.192553
0.081257
-0.003296
0.062373
-0.101806
-0.003066
0.059364
-0.205113
-0.149941
0.003902
-0.007056
0.153595
-0.056751
0.038725
-0.000527
0.040889
0.000168
-0.117979
0.021577
0.010385
-0.130058
0.043506
0.019066
-0.034405
-0.022881
0.001823
0.034958
0.002489
-0.030935
-0.059792
-0.035016
-0.013029
0.055187
-0.051732
0.089577
-0.070884
0.147014
0.051585
0.067787
-0.103848
0.101223
-0.009995
0.226227
-0.028494
-0.030848
-0.024961
-0.046918
0.037750
-0.020539
-0.002484
-0.198341
0.013828
0.000844
0.094745
-0.056196
-0.003203
-0.020364
