0.359465
0.059212
-0.246612
-0.013225
-0.012410
0.013203
-0.054528
0.077636
0.152307
-0.268433
-0.048707
0.153517
-0.050338
-0.084013
-0.039011
0.127144
0.172083
0.195467
0.096407
0.238412
0.116653
-0.013258
0.145179
0.150700
-0.000954
-0.020117
-0.037502
0.043592
-0.121632
-0.034656
0.189133
-0.029984
-0.068079
-0.033297
-0.154255
0.015421
-0.008973
0.001280
-0.023173
-0.055927
-0.060770
-0.060820
0.011783
0.004698
0.090466
-0.084723
0.082611
-0.114349
0.082012
-0.040761
0.029543
-0.066838
-0.013788
0.061542
0.013321
0.019300
-0.040816
0.036722
0.014398
0.013614
-0.070569
-0.041206
-0.066692
0.058914
0.042471
0.089098
-0.015495
-0.014443
-0.023409
-0.008104
-0.008530
-0.008556
-0.014675
0.000582
-0.015187
0.002684
0.058156
-0.012944
-0.135650
-0.035807
-0.047811
0.046058
-0.090631
-0.087090
0.020121
-0.004003
0.009089
-0.088976
0.040826
0.007734
0.039078
-0.040595
-0.090451
0.088962
0.047005
-0.067379
0.050275
-0.150870
-0.128510
0.007477
-0.161242
-0.069797
-0.026923
0.026432
0.077128
-0.055355
-0.027213
-0.031529
-0.043751
-0.035341
0.012715
-0.175106
0.065664
-0.062285
0.065674
-0.007293
-0.007189
-0.073871
0.129184
0.114498
0.000322
-0.003983
-0.024711
0.050610
-0.043488
0.075240
-0.073073
-0.018058
-0.091118
0.043751
-0.005571
0.059727
