-0.298198
0.009543
-0.114292
0.009150
-0.005483
0.031475
-0.049019
0.003501
-0.201350
0.106226
0.056265
-0.103801
-0.015808
-0.050489
0.423648
0.073738
-0.037477
0.032860
0.032480
0.081219
-0.136876
0.029764
0.043476
-0.141980
-0.036422
0.038009
0.057456
0.009482
0.015622
-0.025669
-0.027574
0.048306
0.037003
0.039280
-0.098384
0.039413
-0.055359
0.009814
0.035614
-0.033007
-0.009711
-0.122722
-0.106443
-0.102433
0.240614
0.038585
0.111341
-0.256217
0.066667
-0.070980
0.130566
-0.076778
0.055075
-0.106576
0.042941
0.002473
0.068817
-0.073908
-0.024266
0.000008
0.143715
-0.022530
-0.091357
-0.187104
0.091250
0.187086
0.034225
-0.034637
-0.053037
0.055882
-0.021868
-0.060803
-0.071090
0.018298
-0.012406
0.037271
-0.002836
-0.021060
0.030920
-0.027458
0.022758
-0.077988
-0.039218
0.000167
-0.001213
0.046383
0.145426
-0.069328
0.065300
-0.013270
0.022896
-0.021687
-0.082984
-0.005996
-0.065595
-0.099616
0.030602
0.026842
-0.012304
0.075597
-0.059676
0.013761
-0.073123
0.034985
0.054515
0.085567
-0.095132
0.036380
0.174778
-0.056470
-0.031229
-0.079691
0.036875
0.015774
0.028359
0.075017
-0.059893
-0.070341
0.154879
0.061272
-0.012322
-0.019523
0.007186
0.023459
-0.044162
0.064448
-0.041734
0.006496
-0.003235
-0.002679
-0.003824
-0.015595
