-0.131665
0.054511
0.161641
-0.003211
0.000552
-0.016034
0.150254
-0.153063
0.029834
0.187952
-0.107663
-0.033092
-0.129055
0.233709
-0.109938
0.058781
0.013719
0.113975
0.074041
0.070231
0.000278
0.141811
-0.037602
0.016921
0.013447
-0.003230
-0.013071
0.166713
-0.007713
-0.072324
-0.035660
0.029309
0.085489
-0.053982
0.043201
-0.043587
-0.003850
0.010449
0.000819
-0.031417
0.032362
0.014379
-0.004913
0.025229
-0.055252
-0.014560
-0.013844
0.085901
0.024005
-0.003419
-0.053715
-0.037615
0.011620
0.062950
0.002118
-0.021396
-0.006116
-0.009703
0.026689
-0.015839
0.112809
0.027383
0.100129
-0.123277
-0.047302
-0.151350
0.036269
0.006851
0.048473
0.102765
0.013047
0.121536
-0.169236
0.032283
-0.075110
0.126056
0.089311
-0.175217
-0.074054
-0.004056
-0.173211
0.016551
0.021300
0.049839
-0.139886
0.096577
0.026561
-0.142338
0.013089
0.148897
-0.057551
-0.131752
0.133001
0.027882
-0.151991
0.207572
-0.094199
-0.115243
-0.073704
-0.019640
-0.162845
-0.103122
0.016951
0.039036
0.022724
-0.062971
-0.059951
-0.076471
0.054218
0.013194
-0.005504
-0.204010
0.027211
-0.140985
0.078361
-0.090566
0.013259
0.063906
0.237504
0.088747
-0.015407
-0.021301
-0.003818
0.079396
-0.032972
-0.055940
-0.102895
-0.021888
-0.011109
-0.012572
-0.021627
-0.029010
