-0.021694
-0.277933
0.045922
-0.009875
0.016590
-0.001160
-0.036679
0.125065
-0.050041
-0.095722
0.094847
-0.030934
0.131470
0.053230
0.131969
0.036173
0.144667
-0.139221
-0.048230
-0.016727
0.186473
-0.225047
-0.009833
0.188458
0.012826
-0.040511
-0.014080
-0.215449
0.084565
-0.139089
0.072257
-0.058889
-0.078167
-0.048639
0.154664
-0.226733
0.004227
0.008516
-0.002581
0.005266
0.015892
0.051768
-0.021215
0.054001
-0.010090
0.095010
-0.075923
0.043888
0.025612
0.008446
-0.006107
-0.012388
0.043002
0.000316
-0.008749
-0.024004
0.044105
-0.022225
-0.010360
-0.003957
0.208291
0.028111
0.064534
-0.298911
-0.027224
-0.103478
0.064029
0.002184
0.031717
-0.093170
0.016530
-0.081494
0.208814
-0.074986
0.122166
-0.083770
0.007507
0.073342
-0.041893
0.010267
0.029109
0.012634
0.068834
-0.009226
0.077152
-0.108299
-0.180472
0.091128
-0.083887
0.004127
0.021933
-0.031618
0.077090
0.047634
-0.031173
0.084470
-0.012637
-0.026227
-0.039469
0.029328
-0.031221
-0.103608
-0.049495
0.025905
0.067428
0.041559
-0.063088
-0.034121
0.114680
-0.053030
-0.020488
-0.190500
0.080489
-0.098106
0.017406
0.059428
-0.009495
0.080316
0.102390
0.095795
-0.017291
-0.014740
0.010053
0.055567
-0.012462
0.035646
-0.091871
-0.012684
-0.021892
-0.018752
-0.015957
0.032788
