0.087809
-0.389860
0.026632
-0.008820
0.019632
0.001191
-0.020702
0.276631
-0.016254
-0.226044
0.163511
-0.018715
0.203840
-0.019836
0.180474
0.056699
-0.023736
-0.103528
0.043033
-0.024695
-0.077190
0.105510
-0.077491
-0.046887
0.012563
0.007973
-0.002420
0.077878
-0.042543
0.230648
-0.009265
-0.138624
-0.139892
0.000850
0.222186
0.081183
0.012392
-0.025423
-0.003531
-0.007450
0.124589
0.072626
0.039851
-0.051244
-0.091938
0.061417
-0.107490
-0.024880
-0.030007
0.053683
0.058461
0.057882
-0.032934
-0.088845
-0.055605
0.006813
0.019501
-0.048202
-0.025544
0.020990
-0.031225
0.014826
-0.032850
0.131628
0.010211
0.028067
-0.031555
0.001191
-0.008512
0.065950
0.005207
0.051207
-0.191481
0.056976
-0.103207
0.157070
-0.008493
-0.041289
-0.090735
-0.013120
-0.041367
0.026489
-0.023711
0.056836
-0.064507
0.095476
0.119309
-0.102045
0.012941
0.039658
-0.076512
-0.005398
0.018461
-0.043837
0.041823
0.016952
-0.069566
-0.087642
-0.056945
-0.092710
-0.111932
0.013470
0.047566
-0.010431
-0.063843
-0.093928
-0.093100
0.103016
-0.036879
0.071233
-0.042919
0.038819
-0.031866
0.084764
0.035204
-0.022797
-0.062984
0.064404
0.133858
0.047629
-0.007942
-0.004574
-0.000612
0.001272
-0.029807
-0.198389
-0.015776
-0.032578
0.021359
-0.018871
-0.033280
0.028884
