0.023686
-0.084537
0.056063
0.001916
0.017872
-0.015824
0.029968
0.123631
-0.134433
-0.082984
-0.006618
0.015665
0.000050
-0.022290
0.089620
0.027488
-0.032799
0.036819
0.024292
0.055584
-0.007815
0.092347
-0.007388
0.036701
0.029415
-0.008035
-0.014637
0.142336
-0.201769
0.179061
0.032399
-0.027557
-0.058240
0.028119
-0.107926
0.167381
0.019933
0.002878
-0.030296
-0.006451
0.044086
-0.069945
0.025028
-0.020752
0.024195
-0.080847
0.001726
0.020179
0.046999
0.001311
-0.063482
-0.026222
0.006345
0.024278
0.001237
-0.009192
0.029810
-0.006702
0.012127
-0.021011
0.270731
0.013833
0.088496
-0.362023
0.016869
-0.147611
0.086836
-0.005066
0.035692
0.020176
-0.018758
-0.013674
0.113718
-0.037456
0.051502
-0.046191
0.068812
0.006398
-0.048349
-0.025871
-0.078470
0.072683
-0.060640
-0.055416
-0.230777
0.012198
-0.081052
-0.077587
0.057073
0.053710
0.071950
0.031541
-0.034147
0.029698
0.045519
-0.032552
0.115191
0.038524
0.001152
0.093531
0.179278
-0.024639
0.001160
-0.019956
-0.005153
0.068825
0.274972
-0.157268
-0.219997
0.043268
0.104887
0.209393
-0.129918
-0.017787
-0.063735
-0.189643
0.052668
-0.035964
0.057075
-0.198986
0.015412
0.015182
-0.012533
-0.003198
0.007797
0.022696
-0.004578
-0.024759
-0.061645
0.025561
-0.022913
0.072879
