0.172143
0.190968
-0.124622
-0.001898
-0.009001
0.014156
-0.068843
-0.065092
0.112575
-0.039570
-0.020266
0.013396
-0.021939
-0.072789
-0.148409
-0.074336
-0.008617
0.092441
0.058492
-0.025057
-0.081417
0.028285
0.030612
-0.084461
-0.009975
0.008761
0.006105
-0.012935
0.090639
0.032444
0.006999
-0.070356
-0.015738
-0.032039
0.066175
0.052848
0.017215
-0.014985
-0.011193
-0.017885
0.113386
0.052299
0.041982
-0.026032
-0.051773
-0.026732
-0.060887
0.004902
0.050614
-0.021748
-0.006437
-0.067141
0.003571
0.052196
0.029792
-0.023641
0.014519
-0.001029
0.015614
0.004838
0.263758
-0.013841
0.095822
-0.403940
0.003189
-0.143195
0.085756
-0.010110
0.047034
0.056893
-0.040088
0.036086
0.075770
-0.033513
0.075540
-0.160371
0.011144
-0.017567
0.139452
0.015199
0.014910
-0.063050
-0.067238
-0.022324
0.103963
0.082248
0.106804
0.057785
0.041754
-0.144991
-0.056580
0.021715
-0.041973
-0.034042
0.014569
-0.044358
-0.060174
-0.037656
0.063796
-0.154358
-0.092368
0.177089
0.094597
-0.024397
-0.123703
-0.129580
-0.187313
0.239385
0.035114
0.047280
-0.082987
0.033772
0.000343
0.206158
0.007681
0.067196
-0.091281
-0.019467
0.120967
0.044549
-0.006113
-0.013487
0.011076
-0.078446
-0.159579
-0.145748
0.109208
0.050557
0.038217
-0.029138
-0.018255
0.017703
