0.026954
0.039413
-0.157998
-0.002432
-0.001603
0.004912
0.005437
0.001163
0.063671
-0.065736
-0.020506
0.028593
0.016878
-0.060708
0.043071
0.091485
-0.010301
-0.069748
-0.099643
0.068082
0.068880
-0.106442
-0.024077
0.075994
0.016117
0.002293
-0.015379
-0.106537
0.012646
-0.071773
0.067736
-0.036742
-0.022567
-0.035157
0.090340
-0.154525
0.012070
-0.000107
-0.004689
0.017157
-0.017386
0.043104
-0.005858
0.055464
-0.047235
0.077863
-0.071072
0.048479
-0.011341
0.041550
0.035875
-0.053399
-0.038746
-0.021120
-0.010362
-0.018054
0.018899
0.022894
0.010646
-0.008029
0.135169
0.003114
0.028068
-0.163958
-0.013955
-0.035123
0.022993
0.004737
0.003404
0.126977
-0.002060
0.063745
-0.213015
0.058138
-0.132023
0.171984
0.060126
-0.089405
-0.148422
-0.030537
-0.086883
0.067142
-0.021705
0.020410
0.002509
0.143258
0.201167
-0.081647
0.057277
0.157426
0.089079
-0.189148
-0.002241
0.042867
-0.288748
0.002163
0.091575
-0.027755
0.008186
0.020633
0.075777
-0.015134
-0.029727
0.020764
-0.005046
0.017700
0.039919
0.028850
-0.005134
-0.024178
-0.001343
0.105695
0.070047
0.079986
-0.076066
0.157296
0.003447
-0.138198
-0.423481
-0.083093
0.031884
0.054798
-0.023415
-0.148225
0.060186
0.123564
0.166804
0.071155
0.011086
0.039592
0.063954
-0.142615
