0.061981
-0.173600
0.047402
-0.007525
0.003253
-0.007968
-0.046162
0.096514
0.044318
-0.039375
0.089091
0.045700
0.227193
-0.041105
-0.179541
-0.075110
-0.042384
0.090277
0.020877
0.050540
-0.135366
0.022669
0.037469
-0.150433
-0.009818
0.019096
-0.000902
-0.015398
0.088953
0.092905
-0.158746
-0.042798
0.012243
0.042365
-0.014940
0.146973
-0.000914
-0.012458
-0.002370
0.025962
0.036356
0.041582
0.017909
-0.039807
-0.021433
-0.089705
0.040350
-0.043593
0.025717
0.004673
-0.003578
-0.014256
-0.045084
0.022447
0.022187
0.011279
-0.042792
-0.007061
0.011948
0.017222
-0.004169
-0.029762
-0.021876
-0.034832
0.029240
-0.001791
0.014189
-0.004773
0.003960
-0.025445
-0.012438
-0.015726
0.080547
-0.017102
0.077120
-0.083812
0.065958
-0.063546
0.082882
0.038526
-0.027470
-0.006566
-0.100845
0.007261
0.147682
0.166715
0.174150
0.035992
0.118605
-0.109049
-0.052018
-0.061434
-0.010151
-0.155353
-0.290713
-0.027652
-0.030346
0.064663
0.164715
0.122242
-0.048541
0.070324
-0.005947
0.029460
0.069247
0.014800
0.087723
-0.152105
-0.007786
-0.060988
0.053021
-0.286845
0.111979
-0.363170
0.030972
-0.056612
0.099099
0.187458
-0.139440
-0.042820
-0.006203
0.005219
0.005038
-0.057311
0.014103
0.152580
0.017541
0.029473
-0.018311
-0.000515
0.017180
-0.019653
