0.022809
0.064727
-0.101193
0.007601
-0.002070
0.013776
-0.016098
-0.007357
-0.018869
-0.038706
-0.005789
0.041797
0.051891
-0.120605
-0.046786
0.013186
-0.030617
-0.051700
-0.130287
-0.005234
0.044376
-0.102238
-0.022132
0.034090
-0.005638
-0.002346
-0.000865
-0.117408
0.149619
-0.121093
0.011127
0.000315
0.041266
0.001379
0.023250
-0.069498
0.000497
0.012880
0.007982
0.007691
-0.039251
0.006357
-0.019873
0.004213
-0.002406
0.056732
0.023570
-0.007121
-0.005302
-0.005295
0.039296
0.006811
0.008778
-0.024377
-0.004801
0.002910
0.004202
0.005498
-0.003255
0.005699
-0.058674
0.015711
-0.005433
0.103156
-0.021888
0.015094
-0.011820
0.008999
-0.000859
-0.018427
0.018476
-0.003291
-0.000907
0.001328
0.002359
0.024231
0.034346
0.001650
-0.010219
0.013381
-0.015218
0.045914
-0.067591
0.020863
0.063714
0.093956
0.056719
0.008659
0.076551
0.022640
0.137001
-0.148960
-0.002940
0.031065
-0.360044
-0.015002
0.121613
0.134001
0.148641
0.016441
0.246718
0.155495
0.093355
-0.039634
-0.110724
0.045232
0.172880
0.075106
-0.140230
0.016573
-0.008181
-0.026294
-0.171801
0.079503
0.072963
-0.280156
-0.058771
-0.082557
0.379601
0.085931
-0.012506
-0.030091
-0.008736
0.215680
-0.003560
-0.196329
-0.190404
-0.075660
0.058009
-0.023356
0.005859
-0.075502
