0.014619
0.006460
-0.007661
-0.002782
-0.000471
-0.008315
0.045207
-0.034972
0.063064
-0.072544
-0.044758
-0.033834
0.008833
0.052606
-0.056881
-0.037279
0.042647
-0.095228
-0.005931
-0.095440
0.100558
-0.059974
-0.009847
0.074073
0.001484
-0.022111
-0.033779
-0.081858
0.022164
0.010849
0.049301
-0.043333
-0.024206
0.019632
-0.085776
0.045133
-0.028476
-0.005053
0.022711
0.007470
-0.047728
-0.038752
0.013798
0.014603
0.033337
-0.063268
0.051443
-0.012490
0.039985
0.002853
0.001339
-0.048164
-0.026904
0.006690
-0.008904
-0.015365
-0.001534
0.008571
0.031033
-0.007494
0.110614
-0.009949
0.034078
-0.129668
0.001997
-0.054119
0.025543
-0.002069
0.013932
0.204713
0.000989
0.115297
-0.411549
0.161580
-0.285308
0.204778
-0.230223
0.146537
0.019905
0.027902
0.179666
-0.051205
0.124221
-0.005427
0.082456
-0.111418
0.001225
0.064923
-0.154720
-0.075162
0.010093
0.077754
-0.060714
-0.095803
0.162768
-0.183546
0.024890
0.118677
0.116230
0.057755
0.109424
0.077400
0.040048
-0.002878
-0.008043
0.036406
0.097084
-0.079190
-0.029420
-0.044470
0.026222
-0.153795
-0.001156
-0.177402
0.015616
-0.102942
0.049556
0.114159
0.132512
0.090255
-0.003599
-0.000995
0.013426
-0.113629
-0.122343
0.008391
0.109345
0.050233
0.007817
-0.039371
-0.021077
0.063342
