-0.050233
0.043044
0.028409
-0.004412
-0.003709
0.003137
-0.009380
-0.137050
0.203143
0.015245
-0.083729
-0.201138
-0.260180
0.282106
0.215534
0.007705
0.045859
0.020642
0.085952
-0.006461
0.029273
-0.069814
-0.032765
0.053738
-0.003021
0.001419
0.005755
-0.038972
-0.229825
0.110781
0.313661
-0.136911
-0.161075
-0.127482
0.060834
-0.053344
0.022639
-0.005829
0.001716
-0.087617
0.067065
0.096436
0.112953
0.041479
-0.132031
0.161110
-0.115134
-0.043666
-0.071940
0.057475
0.109144
0.011919
-0.047930
-0.055243
0.010377
0.008662
-0.006109
-0.013781
0.029279
-0.000765
-0.049206
-0.020624
-0.025559
0.028458
0.026990
0.029986
-0.013456
-0.002091
-0.004415
-0.043319
0.000427
-0.042362
0.037230
0.010877
0.046786
-0.034977
0.010420
0.007661
0.082976
0.043430
0.018278
-0.020330
-0.093322
-0.006139
0.084222
0.162556
0.139484
0.031726
0.076257
-0.155360
-0.048514
0.022666
-0.044919
-0.150236
-0.038160
-0.109633
-0.027200
0.039013
0.052836
-0.103361
0.126565
0.062247
0.052099
-0.016015
-0.055079
-0.008005
0.003313
-0.034720
0.035250
-0.010650
-0.011387
0.007324
0.004838
-0.123721
0.003291
-0.072788
0.035209
0.019430
0.033665
-0.167935
-0.006357
-0.013110
0.009940
0.080326
0.083854
0.169049
-0.127360
-0.047212
-0.023210
0.010972
-0.006999
0.056215
