-0.001604
0.012478
0.009817
-0.001484
0.009926
0.001111
0.026810
-0.038250
-0.038537
-0.008482
-0.056031
-0.000752
-0.105509
0.047156
0.056159
-0.001914
-0.037608
-0.002911
-0.009315
-0.018379
-0.008590
-0.000600
-0.048012
0.019001
0.000102
0.013418
0.014960
0.006494
-0.141417
0.055563
0.129340
-0.051229
-0.026550
-0.031044
0.073578
-0.091544
0.022166
-0.009930
0.005173
-0.010936
0.052191
0.003039
-0.017269
-0.003169
0.019335
0.079403
-0.039234
-0.059010
-0.013584
-0.022176
0.029421
0.044626
0.093101
-0.038633
-0.036117
0.011522
0.014689
0.022140
-0.050104
0.016629
-0.097689
0.050896
0.002050
0.150423
-0.054649
-0.002699
-0.021093
0.017436
0.014085
-0.082906
0.014085
-0.025786
0.168035
-0.067443
0.128981
-0.077479
0.097556
-0.082612
0.012961
-0.012705
-0.059912
0.011798
-0.005068
0.017527
-0.114060
-0.006254
-0.000203
-0.090607
-0.003910
0.105396
0.037815
-0.040210
-0.002783
-0.054771
-0.026762
-0.062633
0.053651
0.046956
0.048611
0.108422
0.076243
-0.014841
-0.010930
0.002055
0.017855
0.064197
0.108891
-0.047479
-0.005800
-0.044349
0.006327
-0.139207
-0.020105
-0.049460
0.045431
0.008408
-0.001404
0.017720
0.155095
0.234144
0.013987
0.017220
-0.017851
-0.415060
-0.318053
-0.134703
0.458254
0.214977
0.060568
-0.063919
0.003233
-0.087562
