0.023226
-0.014692
0.025194
-0.004158
0.010099
-0.018064
0.076312
0.079782
-0.087051
0.003821
-0.000902
0.079690
-0.026017
-0.041494
-0.040541
0.045161
0.124957
-0.200786
0.098333
-0.171600
0.248371
0.044552
-0.078174
0.258182
0.021173
-0.001883
-0.050246
0.087529
-0.059452
0.024695
-0.032789
0.009605
-0.028307
0.152301
-0.034268
0.003516
-0.035582
0.006810
0.006117
0.139113
-0.123832
-0.137319
-0.138022
0.004859
0.137078
-0.123781
0.101542
0.072331
0.001448
-0.027144
-0.111155
0.013650
0.046184
0.023444
-0.012979
0.004751
0.013096
0.022359
-0.029452
-0.014627
-0.005295
0.032729
-0.011430
0.008440
-0.012536
0.015038
0.004812
0.006166
-0.000593
0.013616
-0.000925
-0.007653
0.021133
-0.004142
0.032390
-0.016845
0.044097
-0.122461
0.199071
0.075092
-0.014012
-0.065294
-0.065616
0.037679
0.063929
0.234119
0.259426
0.038331
-0.063222
-0.238200
-0.167167
-0.054471
-0.016553
-0.185142
-0.096901
0.006033
-0.178486
0.036829
-0.109704
-0.107687
0.127929
-0.241226
-0.018025
-0.025655
-0.017502
0.007290
-0.029988
-0.133398
0.079194
-0.006430
0.045816
0.107482
-0.008865
0.088856
-0.003638
0.044918
-0.008936
-0.129512
0.049951
0.089520
0.006359
0.009058
-0.011285
-0.005272
-0.022911
-0.014349
0.020666
-0.005709
-0.031400
0.027341
0.006929
0.017442
