0.023235
0.061526
0.103734
0.008275
-0.002420
0.000224
0.098515
0.046346
-0.209919
0.011004
-0.039988
0.079731
-0.186631
-0.032110
0.003924
-0.029642
0.065800
-0.026410
0.159428
-0.064139
0.026397
-0.074593
0.033076
0.048070
0.012274
0.012443
0.005599
-0.064153
0.318761
-0.165846
0.088039
-0.076120
-0.059042
-0.071006
0.057014
0.061666
0.082952
-0.013286
-0.057350
-0.081593
0.077214
0.078329
0.019352
-0.042982
-0.060987
0.054518
-0.016549
-0.063159
0.019880
-0.003230
0.057595
-0.004220
0.016082
-0.043020
-0.004791
0.003226
0.011124
-0.004801
-0.020203
0.010531
-0.005717
0.019199
-0.013913
0.054364
-0.030009
0.039654
-0.009575
0.011160
-0.003485
0.003366
0.006540
-0.006009
-0.034303
0.021115
-0.019307
0.025833
-0.051009
0.085970
0.020171
0.046252
0.052713
0.037113
-0.075380
-0.002960
0.026841
0.089012
0.037328
0.066972
-0.046333
-0.120833
-0.039415
-0.056084
0.047556
-0.111210
-0.055668
0.029825
-0.013181
-0.125951
0.028682
0.344975
-0.428919
-0.031815
-0.101615
0.054678
0.124636
-0.011148
0.136228
-0.028764
-0.186867
0.062340
0.032915
0.214122
-0.023000
0.092888
-0.067707
-0.063544
-0.018854
0.004486
0.126758
-0.179436
-0.005055
-0.008194
0.005112
-0.074622
-0.040613
0.093138
0.060912
0.019958
-0.006847
-0.015602
-0.018114
0.016194
