0.033605
-0.041725
0.056541
0.005827
0.010258
-0.000374
0.117556
0.187055
-0.368755
0.050517
0.029613
0.298504
-0.110392
-0.170501
-0.119242
0.003035
0.025380
0.244932
0.257750
0.100211
-0.112352
-0.104102
-0.048144
-0.054030
0.002052
0.000747
0.004744
-0.094269
-0.292303
0.010770
-0.061611
0.138504
0.151427
-0.175746
-0.043288
-0.174456
0.023678
-0.006421
0.002262
-0.115035
0.022492
0.019661
0.099616
0.035809
-0.050048
0.171145
-0.103929
-0.066935
0.015168
-0.003606
0.102132
0.000159
0.097581
-0.075800
-0.074045
-0.015006
0.078376
0.042266
-0.060379
-0.015299
0.029670
0.104667
0.041360
0.035680
-0.156843
-0.051966
-0.000973
0.027918
0.022750
0.049554
0.015796
0.047381
-0.078142
0.019863
-0.052543
0.017625
-0.072364
0.073439
0.027848
0.002816
0.074072
0.018359
-0.034019
-0.030139
0.044915
0.002262
0.016852
0.088821
-0.021933
-0.087097
-0.042123
-0.006564
0.032070
-0.010420
-0.029662
0.041596
-0.046734
0.053841
0.034328
-0.123696
0.166959
-0.015002
0.032466
-0.026477
-0.050731
0.024269
-0.059794
-0.000284
0.033308
0.003740
-0.009530
-0.063447
-0.002868
-0.011136
0.013489
0.051096
-0.000621
-0.004350
-0.034602
0.006533
-0.001122
0.001064
0.002214
0.006157
0.021144
0.026148
-0.026550
-0.010325
-0.044731
0.007599
-0.017673
0.046033
