-0.003156
-0.064897
-0.065759
-0.005757
-0.004842
-0.001095
-0.061028
-0.099418
0.285492
-0.068664
-0.008634
-0.157486
0.204135
0.089542
-0.014474
-0.017960
-0.016687
0.226494
0.015043
0.193039
-0.151052
-0.070646
0.028604
-0.120782
0.005055
-0.008331
-0.013562
-0.092498
-0.182624
0.120146
-0.107571
0.061392
0.047360
0.027666
0.085175
-0.128307
-0.019704
0.004689
0.021180
0.050834
-0.102191
-0.050580
-0.013897
0.055023
0.025282
0.015416
-0.004720
0.028773
0.005562
-0.000377
0.002690
-0.018866
0.001020
-0.005455
-0.011703
-0.007987
0.008370
-0.000419
-0.018421
-0.002922
0.003992
0.013944
-0.005444
-0.006827
-0.009489
0.009585
-0.007334
0.004582
0.000123
0.026909
0.002697
0.000796
-0.071635
0.032812
-0.043927
0.020857
-0.124997
0.128131
0.117149
0.068266
0.105099
-0.034606
0.002973
0.006485
0.139618
-0.096505
-0.160098
0.057570
0.131966
-0.077430
-0.065187
0.007317
0.104837
-0.096195
-0.215117
0.154929
-0.070571
-0.033931
-0.074756
0.105394
-0.028892
-0.294446
-0.077416
0.007781
0.060695
0.038022
0.039582
-0.132960
-0.043394
0.005144
0.049130
0.259436
-0.036019
0.152048
-0.071935
-0.013891
-0.008241
-0.118885
0.195362
0.008288
-0.006677
-0.012637
0.004556
-0.053361
-0.085561
0.032135
0.067847
0.024240
0.027271
-0.019862
-0.006835
-0.045464
