-0.028851
-0.125268
0.067478
-0.013918
-0.026294
-0.007590
0.011340
0.063086
-0.133796
0.077085
-0.021150
0.175554
-0.056215
0.069944
-0.010320
-0.036324
0.047206
-0.000443
0.047433
0.025731
-0.051190
-0.125164
0.052561
-0.002627
-0.017842
0.020238
-0.012057
-0.122681
0.124423
-0.032354
0.027619
-0.037734
-0.051648
-0.019478
-0.197341
0.199271
-0.041770
0.000848
-0.001888
-0.015660
0.005422
0.166156
0.069790
-0.025402
-0.152895
-0.044660
0.010910
0.025096
-0.067559
0.080966
0.052674
-0.101512
-0.294657
0.081055
0.173727
0.005685
-0.145777
-0.104132
0.180663
0.027881
-0.071024
-0.233709
-0.101653
-0.051223
0.256137
0.112636
-0.023769
-0.051520
-0.034112
-0.039608
-0.020865
-0.058132
-0.039099
0.030123
-0.019453
-0.005333
-0.016118
0.009016
0.032824
0.095744
-0.003881
-0.043621
0.040367
-0.002579
-0.026990
0.027569
-0.064064
-0.039888
0.025115
0.036349
0.034960
-0.069323
0.042910
0.162329
-0.076958
0.180380
0.002019
-0.030563
-0.096387
-0.201271
0.229520
-0.115138
0.034050
-0.033641
-0.032801
-0.002959
-0.100704
-0.020148
0.063019
-0.030908
0.047781
0.090191
-0.029886
0.032498
-0.028862
0.003198
0.012172
0.008414
0.123700
0.015731
-0.004802
-0.026255
0.006159
-0.095890
-0.159810
0.095804
0.126392
0.079979
0.013065
-0.030568
-0.002682
0.006038
