-0.021225
-0.079609
-0.071015
0.003606
-0.008776
0.003362
-0.019034
0.046524
-0.033137
0.045995
0.038225
0.077601
0.097560
-0.054214
0.007529
0.057379
-0.037490
-0.139182
-0.364042
0.077466
0.210632
0.205267
0.055064
0.166349
-0.003227
-0.002940
-0.022151
0.309535
-0.154324
-0.169373
-0.110712
0.186089
0.197785
-0.116411
-0.003088
-0.142238
0.011829
-0.004384
0.012091
-0.065326
-0.012914
0.062249
0.006485
0.014642
-0.037024
0.072325
-0.020826
-0.026080
-0.012229
-0.002336
0.047876
-0.013797
-0.018196
-0.006386
0.012649
0.000680
-0.017842
-0.023187
0.020460
0.008921
-0.014579
-0.025263
0.000370
0.021542
0.025713
0.003252
-0.004370
-0.013290
0.001604
-0.011841
0.000541
-0.002016
-0.018783
-0.001152
-0.002918
-0.023147
-0.007675
0.023631
0.060641
0.034532
0.033520
-0.040069
-0.022020
-0.002716
0.123004
-0.030234
-0.056373
-0.039455
0.104468
-0.046363
-0.008705
0.012266
-0.003003
-0.075928
-0.029716
-0.042783
0.006374
-0.053941
-0.002165
-0.110234
-0.088401
0.122402
0.036827
-0.009360
-0.036512
-0.055900
-0.080214
0.115063
-0.010823
0.023239
-0.034033
0.088679
0.013737
-0.094665
-0.028160
-0.080442
0.000790
0.085533
0.201816
-0.296310
-0.006696
-0.033221
0.009576
-0.152213
-0.083463
0.257947
0.093556
0.059847
-0.003971
-0.038177
-0.029363
0.017434
