0.014380
-0.057650
-0.012021
-0.002845
-0.007714
0.002697
0.021174
0.056831
-0.045394
0.093692
0.058952
0.101377
-0.144960
-0.037960
-0.048881
0.009113
-0.009071
-0.048012
-0.235073
0.026981
0.058248
0.092471
0.092118
0.013069
-0.012341
0.006357
0.004710
0.101955
-0.180559
0.009397
0.061778
0.029973
0.018756
-0.103234
-0.026521
-0.069608
0.002606
-0.004959
0.009701
-0.062211
0.084831
0.148653
0.066218
0.001024
-0.117351
0.055206
-0.065423
-0.000216
-0.027426
0.062157
0.062932
-0.068444
-0.151411
0.010218
0.090918
-0.001525
-0.070844
-0.035150
0.106243
0.006603
0.010908
-0.128389
-0.033054
-0.100823
0.122444
0.024193
-0.002834
-0.027031
-0.019002
0.036202
-0.033912
0.006307
-0.027625
0.003798
-0.020523
-0.060566
0.022322
-0.074489
0.232147
-0.017804
0.017151
-0.156729
0.129517
-0.020150
0.064908
-0.118830
0.040646
-0.031239
0.092400
0.049893
-0.035237
0.105642
-0.007284
-0.231700
-0.034779
-0.091945
-0.005923
0.069650
-0.004261
0.264895
-0.088516
-0.121912
-0.068288
0.026194
0.097969
0.046574
0.115926
-0.023197
-0.117023
-0.015663
0.035001
-0.089153
-0.032161
0.162564
0.009653
0.072420
-0.013086
-0.020462
-0.178925
0.282618
0.006625
0.005813
-0.008186
0.174787
0.037725
-0.270346
-0.097863
-0.048253
0.037474
0.011625
0.016318
0.020611
