-0.191015
-0.112018
-0.402470
0.007109
-0.007237
0.009281
0.047280
-0.051420
0.079455
-0.004402
-0.127259
0.285144
0.277073
0.243065
-0.094920
-0.054830
0.028132
0.043033
0.226724
-0.104202
-0.032417
-0.057912
-0.106684
-0.018493
-0.009632
0.019207
0.015634
-0.085729
-0.030708
-0.041674
-0.098841
0.046873
0.073112
-0.043738
0.018231
-0.101349
0.000856
0.011049
0.005740
-0.020221
0.024107
0.034381
0.022159
0.015874
-0.036088
0.041511
-0.020412
0.010788
-0.002509
0.005830
0.025933
-0.026791
-0.035523
0.013951
0.039616
-0.002568
-0.014157
-0.014859
0.057287
0.004266
-0.011277
-0.032052
-0.003611
-0.002743
0.046857
0.015800
-0.009598
-0.003836
0.004172
-0.029751
-0.000269
0.007712
0.084775
-0.025555
0.045051
-0.018715
0.142958
-0.205655
-0.032387
-0.081409
-0.053730
-0.048611
0.168795
0.012045
0.007371
-0.030117
0.202459
-0.077204
-0.230970
0.133949
-0.011481
0.000945
-0.023019
-0.088267
0.204455
-0.150018
-0.018281
0.056601
0.068994
0.082324
-0.042045
0.034820
-0.017920
0.007639
0.011980
0.012623
0.063150
-0.028100
-0.019680
-0.007555
0.018120
0.140650
-0.008379
0.044294
-0.043090
-0.041022
-0.014522
-0.021032
0.118142
-0.066091
-0.009133
-0.009679
0.005908
0.044701
0.010793
0.094539
-0.046404
0.006452
-0.017920
-0.020707
-0.010277
0.041263
