-0.037132
0.000409
-0.025210
0.002118
-0.018668
-0.009303
0.060606
0.031245
-0.207162
0.082246
-0.015369
0.215044
-0.174757
0.060810
-0.072586
-0.004698
-0.001775
0.060412
-0.006270
0.046582
-0.089214
-0.055250
-0.033432
-0.066654
0.010165
0.009066
-0.036733
-0.046095
-0.137108
0.143467
0.101194
-0.088111
-0.138574
0.228274
0.360557
-0.243403
-0.043761
0.003922
0.055862
0.281828
-0.206905
-0.101465
-0.206591
0.040635
0.150812
-0.105872
0.087720
0.147783
-0.001177
0.011673
-0.088847
-0.038665
-0.115596
0.067121
0.083042
-0.006352
-0.064391
-0.038058
0.076492
0.006956
-0.010604
-0.096167
-0.035729
-0.017920
0.112057
0.028944
-0.001252
-0.027193
-0.003757
-0.025852
-0.012144
-0.030917
-0.018135
0.029543
-0.005689
0.008726
-0.030911
0.063221
-0.060328
0.053997
0.016133
0.033806
-0.059676
0.004039
0.021678
0.004183
-0.088462
-0.000191
0.140061
0.089222
0.046185
0.044109
0.047915
-0.159873
0.025803
-0.055878
0.079907
-0.074267
0.062862
0.009339
-0.094874
0.143579
0.031737
-0.001764
-0.013202
-0.046123
-0.031639
0.145573
-0.030384
0.012621
-0.019011
-0.057201
0.002636
0.011665
0.025729
-0.052877
-0.021079
0.106186
0.003963
-0.095128
0.003898
-0.019182
0.006051
0.024727
-0.005258
0.055855
-0.002580
0.001375
-0.004625
-0.012324
-0.005755
0.033136
