0.155121
0.011647
0.240047
-0.006848
-0.027849
0.001218
-0.172089
-0.049823
0.091102
0.030559
0.136107
-0.293442
0.025062
-0.220109
0.055147
0.008147
0.093913
0.005360
0.274428
-0.061680
0.009561
-0.014381
-0.138687
0.029316
-0.007628
0.015482
0.016071
-0.002797
-0.095730
-0.082474
-0.188334
0.204938
0.182590
-0.085730
0.058203
-0.188957
-0.000345
0.003733
0.021962
-0.032118
-0.266781
0.032606
0.055918
0.110061
-0.030855
0.036082
0.033754
0.010219
-0.041329
0.019580
0.065111
-0.070420
-0.148580
0.069352
0.095685
-0.004768
-0.087034
-0.060101
0.093515
0.007296
-0.013560
-0.132979
-0.040570
-0.071797
0.144806
0.027812
-0.015524
-0.028945
-0.025121
-0.027425
-0.012667
-0.019695
0.013134
0.012541
-0.006647
-0.005623
0.047638
-0.013027
-0.150106
0.056189
-0.076051
0.067409
-0.079041
-0.016671
-0.114164
0.234915
0.042899
0.019629
-0.125788
0.010336
0.021855
0.004497
-0.012739
-0.038517
0.143368
-0.083676
0.007058
0.080404
-0.001700
0.122206
-0.022788
0.005898
0.016435
0.001147
0.019799
0.065465
0.051417
0.115660
-0.062807
-0.006928
0.000721
-0.025635
0.014440
0.049338
-0.007959
-0.058856
-0.006452
0.070763
0.004987
0.018140
0.001585
-0.026749
0.006046
0.006273
-0.052387
-0.028481
0.039176
0.015128
0.025911
-0.002864
0.005332
0.018159
