-0.149598
0.045199
-0.183815
0.009796
-0.006237
0.012220
0.048386
-0.093257
-0.042736
-0.084083
-0.176760
0.132823
0.245334
0.221539
0.020874
-0.036820
0.013156
-0.045246
0.048424
-0.114346
0.093199
0.081450
0.024311
0.041954
0.005199
0.009747
-0.001951
0.086567
-0.025942
-0.057130
-0.064585
0.049446
0.053190
-0.015443
-0.065961
-0.003037
0.008348
0.009219
0.001552
-0.019564
0.117742
0.027384
0.004557
-0.036317
-0.024361
0.049877
-0.043122
0.004838
-0.024283
0.023801
0.031848
-0.014890
-0.035072
-0.014859
0.024260
-0.001546
0.007884
0.001713
0.023133
-0.010572
-0.013251
-0.011825
-0.014778
-0.030986
0.026839
0.041278
0.003396
-0.003651
-0.011890
-0.002927
0.008370
-0.023941
-0.020521
0.029662
0.007786
-0.026186
-0.146415
0.274213
-0.096315
0.189895
0.034082
0.160024
-0.399803
-0.007552
-0.199488
0.306081
-0.243275
0.123176
0.135684
-0.036148
0.021306
0.046999
0.023661
-0.090658
0.014569
-0.025488
0.023658
0.006004
-0.015167
0.025402
-0.019388
-0.016607
0.000432
0.010778
0.008851
-0.010722
-0.007292
0.024668
-0.001796
0.005227
0.004025
-0.088334
-0.074630
-0.014117
0.030636
0.133856
0.024937
-0.009412
-0.119675
0.158478
0.012058
0.022715
-0.011548
0.033261
0.015329
-0.141807
0.007364
0.015240
0.000157
0.017342
0.015623
-0.006524
