-0.050960
0.218729
0.111601
-0.004165
-0.003614
-0.000767
0.325330
0.087341
-0.113829
-0.388760
-0.324724
-0.139369
0.188022
0.029836
0.077168
-0.004058
0.013820
0.002429
0.055400
-0.023191
0.031434
-0.041798
-0.003068
0.017501
-0.005794
0.002526
-0.006567
-0.026377
-0.092366
0.030813
-0.033915
0.021245
0.024367
-0.006456
-0.028755
-0.024045
-0.026050
0.002582
0.007356
0.023457
0.027648
-0.044249
-0.031309
0.007635
0.029098
0.023640
-0.022709
0.043509
-0.021485
0.027763
0.002545
-0.012252
-0.055409
0.016580
0.040192
0.007607
-0.029735
-0.021318
0.041642
0.004003
-0.039113
-0.053412
-0.018821
0.005468
0.051595
0.009311
-0.003739
-0.008646
-0.003598
-0.023596
-0.004178
-0.018767
0.010220
-0.003602
-0.002457
-0.019371
0.024753
-0.053671
0.098114
-0.038191
0.021140
-0.069693
0.109630
-0.006187
-0.007142
-0.108527
0.050232
-0.101280
0.058614
-0.112394
-0.068271
0.069735
-0.059675
0.148684
-0.115303
0.149886
-0.087187
0.211558
-0.144963
0.061118
-0.057797
0.003592
-0.004795
0.000940
0.013388
-0.018963
0.128246
0.270284
-0.016296
-0.018301
-0.047640
-0.206757
0.014687
0.138595
0.048674
-0.044345
-0.042424
0.154810
-0.065458
-0.169997
-0.005248
-0.003105
0.004577
-0.019287
0.000834
0.022524
0.005509
0.013886
0.002049
-0.012859
-0.002451
-0.022627
