-0.078783
-0.197074
-0.236400
0.004180
-0.003546
0.000654
-0.104187
-0.004401
0.220943
0.285206
0.218691
0.127418
-0.163661
-0.077254
-0.040873
-0.012706
0.028415
0.008770
0.085339
-0.051424
0.053983
-0.050314
-0.073798
0.088865
0.005235
-0.005876
-0.010032
-0.012543
-0.100397
0.025384
0.031283
-0.030061
-0.018373
0.017202
-0.022315
-0.008699
-0.004773
0.008416
-0.007837
0.043052
0.141694
-0.097920
-0.046904
-0.030655
0.066712
0.020313
-0.066123
0.051508
-0.008813
0.012819
-0.035843
0.002417
-0.000150
0.006548
-0.006401
-0.002573
0.005625
0.003988
-0.001018
0.000403
-0.005696
0.010310
-0.009657
0.000873
0.005985
0.017084
0.003377
0.004321
-0.000485
0.011128
0.009792
-0.006297
-0.044097
0.027480
-0.016503
-0.002938
-0.060100
0.090231
0.089179
0.078702
-0.007336
0.011475
-0.043289
0.000111
-0.131119
0.017963
-0.073405
-0.130364
0.001075
-0.170461
-0.115457
0.013970
-0.159815
0.354659
-0.062899
0.183574
-0.133406
0.292722
-0.087283
0.128592
-0.133625
0.077427
0.004583
0.011681
0.009763
-0.051938
0.164507
0.168785
0.022029
-0.047103
-0.042766
-0.006389
0.104428
-0.043868
0.000695
-0.136198
-0.017500
0.038970
-0.044877
-0.060612
0.006121
0.015923
-0.008273
-0.008126
0.003212
-0.056582
0.041999
0.030575
0.004515
-0.000544
0.014248
-0.063141
