-0.050313
-0.030739
-0.079708
-0.002966
0.000339
0.004424
-0.027109
0.001120
-0.081038
0.014243
-0.076642
0.109280
0.046007
0.113359
-0.002812
-0.026148
-0.025197
-0.049760
-0.051111
-0.052869
0.009769
0.090791
0.057271
0.019187
0.003367
-0.009553
-0.005721
0.070980
0.109098
0.164344
0.044682
-0.075752
-0.057934
-0.211267
0.203786
0.142878
0.018104
-0.009003
-0.022552
-0.186069
-0.652194
-0.097601
0.227862
0.247532
-0.075467
0.068396
0.148991
-0.087083
-0.002637
-0.029804
0.106582
0.000518
0.033065
-0.002093
-0.027276
0.000534
0.020327
0.019989
-0.004160
-0.011147
0.026424
0.018349
0.020776
-0.031540
-0.024337
-0.014742
0.007954
-0.006926
0.007657
-0.003305
-0.003012
-0.000111
0.021121
0.002573
0.018057
-0.026542
-0.026467
0.001341
0.081246
0.029196
0.007706
-0.021752
-0.011269
0.009025
-0.056343
-0.038220
-0.028245
-0.073683
0.026989
-0.073532
-0.069889
-0.009063
-0.075477
0.169214
-0.047053
0.084868
-0.056656
0.070345
0.040714
0.023870
-0.051169
0.090100
0.000631
-0.003591
-0.000732
0.054009
-0.065860
-0.066307
-0.048779
0.026794
0.003296
-0.017978
0.014542
0.001857
-0.011150
0.030462
-0.012972
-0.040625
-0.053373
0.052372
-0.000582
0.005322
-0.011521
-0.007594
0.007687
-0.049110
0.006555
0.001077
-0.017802
0.004976
0.002213
-0.023551
