0.028578
-0.023384
-0.090716
0.009292
0.009229
0.002969
-0.134655
-0.133148
0.003198
0.136933
0.098194
0.099347
-0.029084
0.024515
-0.029000
-0.016843
-0.008045
-0.020824
0.041060
-0.105724
0.045718
0.027459
0.066592
0.000741
0.008463
-0.006323
0.002182
-0.017622
0.032787
0.121104
0.025859
-0.065534
-0.042924
0.027855
-0.119911
0.158162
-0.000855
0.000905
0.021323
-0.057763
-0.098049
0.067487
0.087833
0.017840
-0.056025
-0.046252
0.054398
-0.069803
0.028592
-0.021357
-0.002276
0.035160
0.099878
-0.019663
-0.045906
0.000043
0.049433
0.034111
-0.058729
-0.000409
0.031914
0.066687
0.031406
0.008392
-0.061278
-0.016590
0.015078
0.011164
0.015594
0.011633
0.006031
0.013607
0.013760
-0.003098
0.013431
0.036870
0.004346
0.023118
-0.131000
-0.070916
-0.018678
0.048448
-0.014918
0.011443
0.068616
-0.000332
0.006790
0.127930
0.000646
0.207336
0.107781
0.115901
0.097016
-0.240189
-0.115584
-0.054076
0.009901
0.158367
-0.291985
0.027597
0.093948
-0.348247
-0.019876
0.001361
0.023054
0.070434
-0.030680
0.308965
-0.049084
0.026177
-0.070303
-0.215523
0.030191
0.186172
0.067727
-0.054213
-0.072242
0.208927
0.040687
-0.242364
0.000807
0.005935
0.011771
-0.029792
0.013908
0.061773
0.017338
0.011135
0.016299
-0.020252
-0.011709
-0.016305
