0.127235
0.055819
0.099222
0.007420
-0.005716
0.008306
-0.203472
-0.178817
-0.220730
0.017702
-0.043638
0.072992
0.097444
0.198412
0.020418
0.104471
-0.003967
0.049489
-0.276342
0.185186
-0.028787
0.049542
-0.064045
-0.026689
0.004004
-0.008948
0.003869
-0.005205
-0.130877
0.043443
0.060087
-0.047993
-0.033624
0.136058
0.001344
-0.088989
0.002828
-0.008816
0.013755
0.084522
0.060705
0.251221
-0.021944
-0.080590
-0.063346
-0.126873
0.057267
-0.078360
0.040653
-0.005565
-0.021781
0.005775
-0.006376
-0.012273
-0.004034
-0.006507
-0.004843
-0.002041
-0.018790
0.004369
0.009723
-0.008071
-0.002069
0.013405
-0.008112
-0.016271
0.006249
-0.002461
-0.005403
0.010350
-0.007450
-0.000174
-0.003494
-0.008748
-0.011102
0.040612
0.026749
-0.061461
-0.185052
0.004735
0.022806
0.074512
-0.061221
-0.015998
0.060853
0.092726
0.067055
0.093961
-0.312176
-0.161405
-0.094083
0.021206
-0.110294
0.234571
0.007784
0.062546
-0.184070
0.228547
0.115037
0.123920
-0.035599
-0.010890
-0.011064
-0.002268
0.020579
0.172223
-0.150669
-0.054973
-0.118431
0.064404
0.019127
-0.009891
-0.055106
0.100003
0.008267
0.063510
-0.012063
0.006661
0.031344
-0.007111
0.000834
-0.015608
0.008973
0.007485
-0.015648
0.038125
-0.004797
-0.021267
0.023025
0.005025
-0.000070
-0.010201
