0.129164
0.021441
0.088158
-0.000638
-0.004621
-0.001904
-0.180679
-0.107804
-0.122729
0.017759
-0.014915
0.013059
0.065677
0.065437
0.024227
-0.119958
0.001565
-0.123938
0.251044
-0.309268
0.069320
-0.060284
0.400728
0.007516
0.004514
-0.013753
-0.013898
-0.000838
-0.161152
0.035836
-0.016870
0.033888
0.026407
0.076183
-0.001477
-0.098218
0.004325
-0.005556
-0.005257
0.025332
0.031905
0.080604
-0.022029
-0.022992
-0.013163
-0.040599
-0.001031
-0.002745
0.001514
0.000676
-0.025326
0.001535
-0.005376
0.002244
-0.008067
-0.009643
0.006202
0.004138
-0.000470
-0.002680
0.005098
0.008753
-0.002996
0.003562
-0.019961
-0.003449
0.000529
0.008480
0.001737
0.012632
0.010513
0.002568
-0.031490
-0.002696
-0.012932
0.029971
0.022345
0.049686
-0.078723
-0.245751
-0.062197
-0.031428
0.140755
-0.004294
0.030972
-0.066711
0.063479
-0.041361
0.237528
0.030024
0.057331
0.119066
-0.034654
0.051840
-0.172943
0.059989
0.010350
0.132835
-0.102949
0.015375
-0.113375
0.146597
0.004211
0.008792
0.000901
0.032191
-0.125388
0.021435
-0.070150
0.040282
-0.011365
0.181386
-0.129774
-0.285355
-0.047739
0.127715
0.078210
-0.113622
0.071650
0.091514
0.001485
-0.006832
-0.003924
0.011011
-0.008302
-0.005875
-0.004502
-0.009668
0.007976
0.014855
0.012372
-0.023189
