-0.035744
-0.040424
-0.050714
0.002782
-0.012928
-0.000983
0.043581
0.009414
0.065964
0.013552
0.040333
0.006469
-0.043399
-0.003842
-0.013753
-0.055991
-0.050040
-0.122353
-0.071804
-0.008679
-0.030337
-0.012799
0.631129
-0.134118
-0.002032
-0.006470
0.006011
0.060940
-0.101831
0.068051
-0.000217
0.034656
0.004494
-0.054784
0.047632
-0.034075
0.005352
0.005545
-0.000231
0.001453
0.009903
-0.174688
-0.011930
0.036544
0.074637
0.091412
-0.071287
0.075303
-0.013975
0.001089
0.004032
-0.008525
-0.028176
0.016170
0.016453
-0.008152
-0.017280
-0.003410
0.019479
-0.003187
-0.016658
-0.022088
-0.018963
-0.000425
0.021641
0.015474
-0.005986
-0.000898
-0.007155
-0.010348
0.003061
-0.007252
-0.003998
0.005565
0.001433
0.003657
0.024579
0.053768
-0.096546
-0.116179
-0.065887
0.007988
0.030375
-0.016102
-0.089118
0.136830
0.099273
0.171113
-0.320037
-0.169861
-0.011544
-0.116141
0.088092
0.060529
0.040949
0.125103
0.006719
-0.171197
0.171817
0.023838
0.080118
-0.067702
0.004808
-0.005182
0.006379
-0.072602
0.155909
-0.008481
0.095680
-0.054087
0.012906
-0.107324
-0.085446
0.163889
0.046143
0.009975
-0.009497
0.115654
0.022614
-0.077194
0.005988
-0.005017
0.006932
0.009309
-0.017805
0.006477
0.016324
0.010603
0.018143
-0.003644
0.005450
0.009003
