-0.206394
-0.009624
-0.073462
0.000476
0.019746
0.013940
0.426105
0.133838
0.207041
-0.057668
0.090372
-0.044201
-0.129735
-0.210528
-0.048664
0.035628
0.000232
0.029770
-0.068457
0.008381
0.064381
0.037483
0.013454
-0.123905
-0.003395
-0.001330
0.014593
-0.045880
-0.051578
0.043033
0.030644
-0.020154
0.008292
0.122590
0.039946
-0.068136
-0.005882
0.022183
0.014716
0.007942
-0.144463
0.396693
0.048250
-0.008909
-0.139188
-0.173104
0.204167
-0.169247
0.043018
-0.012900
0.013865
0.000594
0.040657
0.011505
0.001497
0.019172
0.023158
0.013035
0.004004
0.009662
0.018779
0.013398
0.015835
-0.026878
0.017094
0.010427
0.010472
0.001532
0.005274
-0.002124
0.005582
0.005008
0.040877
-0.014054
0.038500
-0.007006
0.006901
0.043312
-0.089694
-0.108386
0.000116
0.048836
-0.032568
0.003707
-0.055727
0.086675
-0.027248
0.126239
-0.115523
0.015679
0.048356
0.094274
-0.009535
0.010921
-0.036452
-0.001524
-0.062224
0.128280
-0.071484
-0.020866
-0.060504
0.010689
-0.006663
0.012360
0.002673
-0.160687
0.078545
0.027543
0.122689
-0.050698
0.006742
0.109081
-0.171052
-0.150163
-0.028719
0.155784
0.050422
-0.045166
0.088663
0.026099
-0.014847
0.004394
-0.001531
-0.016272
0.013083
-0.005749
-0.015931
0.014788
-0.005607
-0.008636
0.009181
-0.017215
