-0.043643
-0.039959
-0.029526
-0.000375
0.002911
-0.004800
0.029049
-0.014756
0.078510
0.017547
0.059560
-0.030041
-0.010554
-0.036709
-0.001717
-0.061340
0.011086
-0.049174
0.165491
-0.186674
0.074913
-0.013297
0.047332
0.015958
0.004277
-0.008283
0.005711
0.024159
-0.070080
-0.069434
-0.008500
0.032036
0.040143
0.044423
0.021502
-0.083563
0.014976
-0.002907
-0.008134
0.094419
0.004896
0.243535
0.006065
-0.061072
-0.077385
-0.125776
0.088720
-0.126208
0.044497
-0.006369
-0.010537
0.005680
0.039469
-0.020816
-0.009179
0.000183
0.013748
-0.002711
-0.025087
0.005694
0.010475
0.015297
0.003640
0.022055
-0.012764
0.001373
0.004185
-0.000304
0.002008
0.009352
0.004012
0.008955
-0.012319
0.004594
-0.004517
0.016022
-0.024241
0.041712
-0.018097
-0.029762
0.002930
0.010133
-0.009528
0.005386
-0.030521
-0.076317
-0.036264
-0.136480
0.256023
-0.023852
0.018393
-0.002813
-0.066045
0.098368
0.000159
-0.008784
0.026853
-0.058879
0.132666
-0.036670
0.012809
0.109893
0.012533
-0.005885
-0.023475
0.022635
-0.089891
-0.481794
0.015517
0.010432
0.076959
-0.232382
0.094026
0.482910
0.081390
-0.048179
-0.117072
0.129004
-0.012952
-0.163282
0.008859
0.005270
-0.004461
-0.009609
0.004565
0.026181
0.017463
0.010652
-0.012629
-0.003721
-0.009404
-0.012521
