0.049875
0.017324
0.023079
0.001695
0.018944
0.001841
-0.178371
-0.014736
-0.114295
0.012331
-0.088207
0.005650
0.073374
0.121648
0.069947
-0.034700
-0.027042
-0.041203
0.072081
-0.017727
-0.016181
-0.048715
0.130218
-0.012482
0.000579
-0.009274
-0.003001
0.034363
-0.074235
-0.060660
0.006527
0.038854
0.023100
0.016159
0.040057
-0.053886
0.008667
0.010203
-0.004772
0.124570
-0.066093
0.332780
0.030662
-0.050224
-0.099648
-0.187864
0.170095
-0.195744
0.041532
-0.019164
-0.009581
0.022787
0.087806
-0.033089
-0.033098
0.003871
0.040141
0.021228
-0.046397
-0.010730
0.019216
0.040474
0.010160
-0.003696
-0.042164
-0.007955
0.013006
0.006230
-0.002022
0.031306
-0.001444
0.016202
-0.012342
0.005410
-0.008589
-0.004959
-0.024438
-0.057179
0.100060
0.141603
0.053161
-0.011840
-0.043549
-0.001022
-0.016187
-0.094879
-0.006641
-0.097283
0.011157
-0.038110
-0.097029
-0.162637
0.007571
-0.008296
0.092328
0.051404
0.025444
-0.249557
0.064531
-0.015817
0.103397
-0.092750
0.000341
0.000791
0.002732
-0.090704
0.321089
0.297944
0.172287
-0.116400
-0.043024
0.089155
0.245738
-0.083865
-0.038817
-0.240969
-0.028005
-0.060211
-0.101144
0.063068
-0.004244
0.006189
-0.004844
0.012852
0.029681
-0.095377
-0.012054
-0.018579
-0.005891
0.009970
-0.002170
0.004224
