-0.034200
0.028435
0.031461
0.006804
-0.001237
0.002200
0.146958
0.107547
0.059282
-0.037572
-0.041078
-0.063630
-0.034678
-0.081427
-0.007148
-0.008585
-0.008218
-0.067978
0.011729
-0.099227
0.003874
-0.026780
0.317364
-0.120722
-0.001628
-0.013452
0.014360
0.000141
-0.077116
0.068992
0.018073
-0.007027
0.009105
-0.031630
-0.013355
-0.016065
0.016878
-0.013180
0.015118
0.049437
0.052561
-0.017225
0.000840
-0.019665
0.017181
0.024406
-0.021187
0.016698
0.020178
-0.009970
0.003055
0.002845
0.002983
0.001252
0.005633
-0.004094
0.003569
0.017118
-0.003972
0.006472
0.016079
-0.002651
0.010647
0.003198
-0.014751
-0.009279
0.010269
-0.005116
0.010007
0.002903
-0.009022
0.005996
0.027987
-0.002376
0.015656
0.000655
-0.006133
-0.154862
0.054470
0.397495
0.129917
0.028959
-0.232050
0.001057
0.085181
-0.045218
-0.058731
-0.020157
-0.256747
0.330740
0.019266
-0.073676
-0.008190
-0.014424
-0.043653
-0.027980
-0.006382
0.218256
-0.116803
-0.035395
-0.077603
0.100235
0.014178
0.001411
0.002233
0.131927
-0.231325
-0.087457
-0.107660
0.082003
0.006912
0.096429
0.302663
-0.010376
-0.025972
-0.209040
-0.043100
-0.080118
-0.015657
0.065494
0.007538
-0.006802
0.010474
0.013224
-0.002789
0.034524
-0.009527
-0.014045
-0.001850
0.006479
-0.002087
0.024503
