-0.121862
-0.010895
-0.090474
0.015088
-0.003610
-0.002777
0.186661
0.076238
0.169595
-0.005366
0.035863
-0.031645
-0.047745
-0.066109
-0.035513
0.010698
0.038087
0.010284
0.039545
-0.099975
-0.014682
0.001041
0.023235
-0.002929
0.016139
-0.003900
0.005211
0.046585
-0.005933
-0.038003
0.009375
0.002256
0.004615
0.070174
0.015530
-0.003284
0.039768
-0.012683
0.008081
0.047348
0.017155
0.060190
-0.001156
-0.020956
-0.023275
-0.023490
0.022265
-0.018173
0.023131
-0.005701
-0.017958
0.017186
0.001728
0.002889
0.021411
-0.005395
-0.001477
0.016408
-0.005140
0.003104
0.022005
-0.007200
0.002107
0.013852
0.001999
0.008064
0.015913
-0.009177
0.003906
0.012137
-0.005485
-0.003726
0.019390
-0.016234
0.016490
0.012707
-0.014546
0.046844
0.051564
-0.065451
-0.009322
0.001721
0.017580
0.015903
-0.022564
-0.014858
0.006049
-0.116963
0.101226
-0.135175
-0.093636
-0.177680
0.010322
0.076830
0.115704
0.042522
0.011612
-0.211453
0.213759
0.115501
0.168595
-0.192310
0.005258
-0.009997
0.005187
0.497869
-0.272150
0.273027
-0.331338
0.177856
-0.075744
-0.046143
-0.013597
-0.150830
0.017918
0.052818
0.009941
0.013037
-0.006397
0.008854
0.016538
-0.008156
0.006733
0.012516
0.002977
0.034738
0.007912
-0.009663
0.000471
0.020001
-0.015363
0.016632
