-0.075710
0.008362
-0.047375
0.004312
0.001143
-0.015634
-0.006693
0.088063
0.004367
-0.009323
-0.093082
-0.009035
0.008633
0.032240
0.021287
0.025494
0.001221
0.070053
-0.087666
0.088357
-0.056513
-0.044583
-0.039389
0.076512
0.010545
0.002561
0.006899
0.008655
-0.002780
-0.031567
-0.010079
0.018745
0.007749
-0.074072
0.005654
0.018448
0.006810
-0.004597
0.015896
0.115633
-0.005148
0.051333
0.008161
-0.015194
-0.020538
-0.045725
0.036001
-0.042102
0.012696
0.001421
-0.024967
0.008067
0.010072
-0.009254
0.011264
-0.002221
-0.000769
0.001768
-0.004546
-0.004253
-0.002715
-0.006883
-0.007457
0.026804
0.003661
0.015731
0.004075
-0.002869
0.009437
0.001796
0.003147
-0.007512
-0.002867
-0.004000
0.024670
-0.025970
-0.050571
0.309134
0.098756
-0.318780
-0.273465
-0.041474
0.184695
0.030842
-0.123543
0.209422
0.048789
0.149650
-0.154392
-0.088308
0.023294
0.175211
0.066718
-0.120462
-0.069427
0.106275
0.163280
-0.014369
-0.189813
-0.076214
-0.030693
0.165331
0.014841
-0.003438
0.000136
0.130692
-0.105160
-0.065389
-0.085322
0.051461
-0.000217
0.042362
0.390175
0.016836
-0.021270
-0.280966
-0.064135
-0.059012
-0.072086
0.107536
0.013742
-0.002425
0.006615
0.000479
-0.028640
-0.041401
0.045561
0.009387
0.015248
0.003572
-0.007739
0.020460
