-0.014878
-0.008379
0.012293
0.004343
-0.009830
0.011290
0.068334
-0.012360
-0.003292
0.002647
0.028542
0.021893
-0.010025
-0.008590
-0.013036
0.043488
0.058974
-0.000502
0.024047
-0.087454
0.088878
0.059777
-0.032212
-0.069676
0.000644
0.004039
0.007277
-0.010948
0.050138
0.019995
0.000541
0.017579
-0.004096
-0.028869
-0.033300
-0.038673
0.005849
0.003841
0.012210
-0.014633
0.008787
-0.046387
0.009604
0.009964
0.015938
0.048323
-0.036993
0.043218
-0.006630
-0.003862
0.015623
-0.004216
-0.017771
0.009850
0.007433
-0.005416
-0.007891
-0.006147
0.007770
0.004689
-0.003727
-0.011460
0.000830
-0.004837
0.010772
-0.004111
-0.000104
0.001146
-0.002756
-0.007547
-0.001000
-0.001757
0.014327
0.002158
-0.008176
0.025636
0.055515
-0.137546
-0.163917
0.026533
0.129682
0.051760
-0.041561
-0.021369
-0.058649
-0.031443
0.026458
0.032535
-0.033966
0.015044
-0.093641
0.686537
-0.187238
0.123224
-0.295544
-0.025689
0.034911
-0.288802
0.280348
-0.019090
0.043689
-0.154946
-0.003081
-0.004045
0.014038
0.012527
-0.009688
0.061595
0.045242
-0.011804
0.007151
0.062819
0.157737
-0.007531
-0.004680
-0.124312
-0.012044
-0.032987
0.015778
0.055312
-0.000821
-0.005013
0.009038
0.000622
-0.025967
0.015125
0.011069
0.014574
0.015699
-0.001315
0.010514
-0.016116
