0.016435
0.035374
0.061712
0.001546
0.002399
0.000599
0.081262
-0.005213
-0.090748
-0.054141
0.013400
0.008782
-0.002769
0.004440
-0.026790
0.023735
0.075367
0.017144
-0.068341
-0.100479
0.130477
0.127474
-0.010275
-0.169277
-0.002986
-0.003614
0.008697
-0.029860
0.052591
0.132372
0.019328
-0.020778
-0.020965
-0.013199
-0.074984
-0.073140
-0.017731
-0.003611
0.022051
-0.057703
0.017208
-0.058892
0.013115
0.018467
0.014944
0.049646
-0.041223
0.045089
0.000983
0.002550
0.002779
-0.011951
-0.016035
0.009156
0.023652
-0.006662
-0.016967
-0.003005
0.005505
-0.004712
-0.010756
-0.026304
-0.012454
0.001419
0.007935
0.000611
0.002975
-0.008214
-0.005766
-0.008304
-0.008626
-0.014980
0.011820
-0.013336
0.010131
-0.030457
-0.040744
0.204419
-0.059891
-0.219352
-0.161496
0.012585
0.066558
-0.005828
0.097708
0.107490
-0.073125
0.056996
0.229872
0.158696
-0.010297
-0.224434
0.002368
0.167069
0.092630
-0.270814
-0.301423
0.178133
0.294412
-0.023071
-0.052844
-0.263180
-0.015548
0.001240
0.016319
-0.133801
-0.009660
0.027651
0.081238
-0.034103
0.015568
0.112437
0.257982
0.021641
-0.035994
-0.196394
-0.026687
-0.072314
0.011848
0.063283
-0.007410
-0.021371
0.017793
-0.007864
-0.027130
0.055988
-0.010296
-0.014430
0.036766
-0.020010
-0.012771
0.009058
