-0.036150
-0.022481
-0.015588
0.012139
-0.008904
0.007669
0.053641
-0.026297
0.026924
0.010221
0.049549
0.025463
0.002266
0.020878
-0.001797
0.024628
0.043363
0.023902
-0.041717
0.002866
0.033636
-0.006637
-0.023257
-0.020887
0.008353
0.011193
0.008156
0.048132
0.004353
-0.002452
0.009456
0.005507
0.003554
-0.190571
0.006771
0.075621
0.037924
0.008534
0.018269
0.187361
0.008703
-0.026903
0.028248
0.000996
0.017691
0.011027
-0.006503
0.007770
0.010650
-0.001879
0.011938
-0.003777
-0.018032
0.010487
0.020764
-0.005214
-0.011595
-0.000013
0.018499
0.004807
0.004254
-0.022698
0.000785
0.003181
0.028754
0.001049
0.002478
0.004072
0.001798
-0.004150
-0.003950
0.006890
0.033388
0.008824
-0.012884
0.070751
0.122193
-0.321639
-0.245293
-0.160255
0.457690
0.065934
0.022184
-0.035888
-0.220370
-0.092751
0.049711
0.326048
0.275814
-0.273358
0.110439
-0.147038
0.167648
-0.036656
0.073304
0.025880
0.017203
0.128150
-0.079150
0.007329
-0.032238
0.037389
0.022181
0.007266
0.013507
0.018824
-0.043056
0.000704
0.022218
0.015855
0.022761
0.066094
0.154978
0.000505
-0.001279
-0.111619
-0.002325
-0.014706
-0.014086
0.086671
0.014759
-0.002241
0.013801
0.018093
-0.032961
-0.019012
0.037141
0.013682
0.027357
0.012793
0.014948
0.010369
