-0.019342
-0.003615
0.014801
-0.012026
-0.014871
0.030581
-0.018884
0.073779
0.045826
0.027551
-0.082118
0.026436
-0.010361
0.001739
-0.003452
-0.049034
-0.042237
-0.027315
-0.003661
0.044820
-0.083059
-0.108926
0.030221
0.121608
-0.017024
0.009719
0.008303
0.086474
-0.007913
0.004687
-0.017149
0.010089
0.019661
0.597662
0.045457
-0.054815
-0.045473
0.013537
0.044606
-0.652411
-0.017649
0.059486
-0.026144
0.025255
-0.001175
0.039429
-0.043054
0.070119
-0.035164
-0.016447
0.014472
-0.013184
-0.002766
0.026992
-0.026266
0.000798
0.012750
-0.027941
-0.002287
0.017206
-0.019944
0.004779
0.011067
-0.031633
-0.000590
0.010201
-0.017373
0.009390
0.007613
-0.023310
0.007381
0.008683
-0.019627
0.010690
0.002187
-0.008555
0.039048
-0.075278
-0.053680
-0.051446
0.140554
-0.003390
0.014035
-0.012345
-0.078888
0.015583
-0.006579
0.081759
0.059201
-0.067376
-0.054592
-0.030190
0.060062
-0.015465
0.022687
0.011284
0.049940
0.021026
0.000073
-0.009938
0.006224
0.041148
-0.009961
0.000964
0.013699
-0.006098
-0.025657
0.004702
-0.011301
-0.015828
0.051704
-0.008435
0.157870
0.052308
-0.010852
-0.119535
-0.002096
-0.027969
-0.028359
0.044428
-0.011206
0.007801
0.011350
-0.011507
-0.008837
-0.001573
-0.000794
0.015631
0.009527
-0.003637
0.013945
0.006254
