-0.015816
-0.006868
-0.006050
0.014609
-0.009300
-0.001284
-0.049372
0.212108
0.071974
0.099061
-0.216770
-0.073524
0.002426
-0.032069
0.006271
-0.078760
-0.155610
-0.068363
0.072437
0.066386
-0.333415
-0.228959
0.024009
0.401783
0.015092
-0.020090
-0.007429
0.213135
-0.113577
-0.168713
0.013558
-0.011020
0.014473
-0.057951
0.104952
0.185015
0.042055
-0.038983
-0.006496
0.160256
-0.025857
0.012088
0.012708
-0.026184
-0.001267
-0.028829
0.016333
-0.019032
0.016872
-0.012990
-0.012480
0.016030
-0.000034
-0.002627
0.015656
-0.012152
0.004686
0.012440
-0.018315
-0.002947
0.011825
-0.014166
-0.000007
0.022153
-0.010059
0.002891
0.014518
-0.016549
0.000594
0.017235
-0.014631
0.004219
0.008570
-0.011681
-0.004971
0.023509
-0.010457
-0.025478
0.068102
-0.114008
0.093502
0.006961
-0.005799
-0.001440
0.003856
0.081809
-0.077282
0.094744
-0.033419
0.158902
0.081133
0.060345
-0.007984
0.119876
-0.086139
-0.170779
-0.077013
0.119223
0.237828
0.074336
-0.039110
-0.204489
0.008201
-0.015572
0.002092
-0.204175
-0.163061
0.030110
0.014437
-0.019460
-0.008086
-0.000452
-0.061474
-0.010102
0.025219
0.018539
0.006079
0.021687
-0.006124
-0.012891
0.011729
-0.017233
-0.000294
0.019048
-0.001984
-0.010675
0.002105
-0.024400
-0.001824
0.013444
-0.019481
0.003165
