-0.029575
-0.014224
-0.001964
-0.011482
-0.008053
0.002788
0.015402
-0.047647
0.010654
-0.031160
0.034562
0.012827
-0.038336
-0.020539
0.007998
-0.154521
-0.185123
-0.084906
0.080069
0.179868
-0.081531
0.147337
0.069137
0.246811
-0.015004
0.010508
0.015215
-0.157179
0.043833
0.057877
-0.016741
-0.009700
0.008350
-0.043584
-0.042806
-0.062142
-0.032143
0.014840
0.026717
0.022640
0.003955
0.013094
-0.026241
-0.006584
0.015800
-0.022822
0.006322
0.004468
-0.014917
0.000843
0.005316
-0.019034
-0.005858
0.014868
-0.005222
0.004193
0.012477
-0.023395
0.013276
0.016422
-0.012245
0.006521
0.013453
-0.019890
0.015983
0.022796
-0.016087
0.008119
0.020061
-0.014913
0.011713
0.019084
-0.015544
0.018052
0.022243
-0.017907
0.022592
-0.017148
0.014004
-0.096102
0.151545
-0.022715
0.013709
0.015522
0.011998
0.101574
-0.065447
0.161479
0.051138
0.214303
-0.087168
0.007299
-0.033089
0.090566
-0.046557
-0.160793
-0.475045
-0.241700
-0.159158
-0.151141
-0.036502
0.208203
-0.007841
0.006470
0.005159
0.362502
0.247976
-0.001924
-0.033061
0.000326
0.018415
-0.033031
-0.016947
0.024296
-0.003984
0.010749
0.000345
0.014211
0.003836
-0.004746
-0.003496
0.015221
0.006739
0.006039
0.014131
-0.023907
0.007268
0.025233
0.008094
-0.006265
0.015337
0.005851
