-0.020794
0.054926
-0.012166
-0.001579
0.034068
-0.020844
0.211422
-0.392049
-0.107327
-0.255684
0.488886
0.067893
0.011910
0.071857
-0.007627
-0.072460
-0.067557
-0.059645
0.054501
0.125099
-0.019265
-0.362973
-0.012617
0.013331
0.002718
-0.006700
0.001946
0.317126
-0.027880
-0.084484
-0.009550
0.037371
-0.021409
0.015582
0.094798
0.137989
-0.005967
0.017651
0.012174
-0.012726
0.006066
-0.014094
0.007161
0.039404
-0.016137
0.010402
0.017449
-0.025689
0.001247
0.024885
-0.015437
0.008128
0.010535
-0.026257
0.018047
0.007138
-0.032834
0.020899
-0.000701
-0.026254
0.019592
-0.019905
-0.022990
0.009088
-0.001409
-0.007955
0.010254
-0.006661
-0.016474
0.015493
-0.020538
-0.015531
0.017383
-0.017318
-0.001887
-0.014548
-0.015616
0.026349
0.030004
0.035739
-0.035977
-0.001682
0.002827
-0.012553
0.041380
0.017801
0.013919
-0.141722
-0.037970
-0.028119
0.030831
0.085392
0.208599
0.071529
-0.034047
-0.114205
-0.028712
0.057090
0.017444
-0.117511
-0.040608
-0.006304
-0.011219
0.004384
0.022533
0.043790
0.075242
0.016748
-0.012896
0.052805
0.009024
0.006678
0.051855
0.011237
-0.018150
-0.011779
0.011673
-0.033089
-0.043235
0.079899
-0.001791
-0.018040
0.022457
-0.007175
-0.031750
0.032083
-0.007009
-0.049023
0.051027
-0.011035
-0.014592
0.053255
