-0.019084
0.016523
0.004331
-0.020430
0.016148
-0.025809
0.027270
-0.159013
-0.055658
-0.131451
0.156743
0.007564
-0.040112
-0.010145
0.007024
-0.068190
-0.056446
0.017922
-0.013410
-0.028045
-0.068114
0.079692
0.012335
0.157175
-0.011226
-0.021645
0.029866
-0.075010
0.060477
0.116346
-0.031715
-0.016335
0.005104
-0.072168
-0.085803
-0.092773
-0.056480
-0.028391
0.047305
0.001955
0.003782
-0.003533
-0.027879
-0.003242
0.002065
-0.007619
0.001256
-0.006738
-0.014372
0.007922
-0.009477
-0.005730
0.005712
0.002173
0.009539
0.000980
0.000473
-0.002067
-0.002065
0.014111
0.006438
-0.010963
0.017738
-0.004241
-0.006286
0.028528
-0.008700
-0.018756
0.033558
-0.001909
-0.019372
0.033216
0.009477
-0.023807
0.047328
-0.000973
-0.000517
-0.056007
0.044900
-0.314738
0.363804
-0.009879
-0.014308
0.028389
0.086442
0.281690
-0.205172
-0.230086
-0.091118
0.138400
-0.131259
-0.108769
-0.311136
-0.176797
0.066459
0.314854
0.238610
0.064245
0.103416
-0.060328
-0.027008
-0.075484
-0.027659
-0.014490
0.014923
-0.120855
-0.026966
0.000557
-0.052350
-0.020842
0.015537
-0.023787
0.019113
-0.004669
-0.028787
-0.019598
0.000159
-0.023411
-0.018331
0.002177
-0.010552
-0.009351
0.020375
0.000819
0.007684
0.025754
-0.020863
-0.021375
0.030614
-0.024857
-0.024501
0.037576
