-0.007281
0.027502
-0.042916
-0.026520
0.039136
-0.051848
-0.187327
0.182979
-0.007485
0.059908
-0.121403
-0.058761
-0.041683
0.027299
-0.033299
0.116455
0.216410
0.141830
-0.142058
-0.208885
0.118555
-0.254793
-0.030110
-0.300341
-0.015733
-0.019319
0.006270
0.121811
-0.045339
-0.076602
-0.044254
0.015311
-0.010661
-0.006564
0.067138
0.090925
-0.066921
-0.007065
-0.015761
-0.027321
0.013553
-0.041597
-0.039012
0.024137
-0.026296
-0.012104
0.014423
-0.028354
-0.012711
0.024849
-0.040193
-0.008520
0.018959
-0.028643
0.003739
0.012382
-0.029011
0.008887
-0.003343
-0.021139
0.006717
-0.001753
-0.009369
0.001115
-0.018392
-0.007956
-0.006618
-0.011805
0.005709
0.005717
-0.017688
0.006949
-0.009441
-0.021551
0.007162
0.002267
-0.012312
-0.060232
0.052190
-0.229961
0.278378
-0.005046
-0.022328
-0.002847
0.033771
0.239210
-0.173140
-0.271336
-0.110321
0.036126
0.036242
0.049708
0.175474
0.024542
-0.063196
-0.103775
-0.262262
-0.129579
-0.139797
0.017993
0.089867
0.118589
-0.040104
-0.003713
0.001930
-0.006892
0.091615
-0.030526
-0.083349
0.015184
-0.035642
-0.063676
-0.037554
0.008109
-0.034393
0.046703
-0.017475
-0.019919
-0.021849
-0.027197
-0.017937
-0.008630
0.004434
-0.032978
-0.015750
0.016352
-0.010452
-0.024522
0.023772
-0.039433
-0.028699
0.028679
