-0.037385
0.006849
-0.013454
-0.021182
0.007507
-0.006227
-0.073597
0.134151
0.039109
0.024535
-0.083742
-0.023707
-0.051991
0.016267
-0.007021
-0.074797
-0.018680
-0.012210
-0.006118
0.080572
-0.012213
-0.318389
-0.010293
0.047258
-0.021155
0.027659
0.020061
0.375287
0.355160
0.431822
-0.031964
0.013314
-0.009038
-0.139845
-0.265319
-0.404803
-0.059080
0.064912
0.036868
0.030749
0.024909
0.049425
-0.036857
0.006443
0.001019
-0.046199
0.029681
-0.031647
-0.013428
0.002605
-0.004766
-0.024173
0.039555
-0.009116
-0.029361
0.012422
0.007793
-0.027254
-0.005137
0.004118
-0.018946
0.043839
0.013309
-0.021243
0.000806
0.003284
-0.028938
0.034374
0.013533
-0.024804
0.031040
0.013200
-0.025237
0.029355
0.020254
-0.021473
0.031957
0.035191
-0.077474
0.112226
-0.033194
-0.022963
0.017221
0.022395
-0.038643
-0.029930
0.075662
-0.029973
0.044330
-0.032345
0.125548
0.047779
-0.033269
-0.058180
0.050555
0.087314
-0.112508
0.017272
0.039777
0.001107
0.030492
0.013082
-0.014444
0.024174
0.015513
-0.029239
-0.004418
0.013630
-0.060996
0.059647
0.019541
-0.014901
-0.015758
0.008462
-0.019477
0.051129
0.016233
0.004268
0.021535
0.016186
-0.006700
0.022156
0.018366
0.009217
0.020650
0.016536
0.004569
0.020813
0.028986
-0.006892
0.033803
0.030108
