-0.006507
-0.000481
0.014083
-0.002597
0.007680
0.008251
0.078299
-0.135104
-0.016362
-0.068318
0.112240
0.028834
0.020818
-0.025684
0.006409
0.123067
0.125922
0.110144
-0.120915
-0.275094
-0.335038
0.100661
0.041782
0.253392
0.001849
-0.027656
-0.000678
-0.018777
0.076152
0.142298
0.004610
-0.018559
0.010593
-0.049255
-0.128704
-0.165001
-0.016061
-0.053420
0.003600
0.015128
-0.008232
0.025124
-0.005001
-0.015718
0.001273
-0.003681
0.003572
0.001841
0.004720
0.002852
0.014108
-0.002055
-0.018717
0.015338
0.016055
-0.001415
0.006336
0.003774
0.001028
0.012801
0.004263
-0.027394
0.000311
0.006834
-0.002770
0.015090
0.008252
-0.034634
0.003803
0.005481
-0.028173
0.004234
0.013269
-0.034404
0.005797
-0.003017
-0.037992
0.004218
-0.006465
-0.009393
-0.015584
0.019973
-0.055365
0.001871
-0.023180
-0.064662
0.006166
0.005549
-0.030450
-0.015443
-0.330886
-0.022900
0.269824
0.143930
-0.081397
-0.221088
0.053812
-0.114457
-0.189442
0.294916
0.216149
0.145951
-0.014941
-0.020654
-0.003762
-0.213792
-0.118110
-0.011531
0.009532
-0.052010
0.004071
-0.004529
0.006253
-0.012093
-0.019202
-0.028409
0.000047
-0.026597
-0.004289
-0.032099
-0.017483
-0.018909
-0.006261
-0.036226
-0.000729
0.020673
-0.035323
-0.019924
-0.019245
-0.019251
-0.036786
-0.011111
