-0.046860
-0.020152
-0.016181
-0.036163
-0.017764
-0.017209
0.038063
-0.162170
-0.048742
-0.131729
0.075232
0.009725
-0.035912
-0.054692
0.007842
0.019859
0.059306
0.074232
-0.120120
-0.131133
-0.064804
-0.172968
-0.023793
0.003502
-0.038572
0.002725
0.003738
0.056796
-0.117414
-0.131099
-0.056521
-0.020547
0.020718
-0.018721
0.094489
0.144059
-0.099970
-0.013599
-0.028518
-0.048100
-0.009450
-0.034247
-0.043491
-0.014879
-0.015425
-0.018677
-0.018828
-0.000203
-0.045778
-0.009899
0.004159
-0.036582
-0.011866
0.001894
-0.045876
0.003980
0.007757
-0.037947
0.010956
0.010672
-0.041033
0.014460
0.014633
-0.038819
0.002817
0.011679
-0.043877
-0.000608
0.017395
-0.041480
0.012157
0.016810
-0.035503
0.001298
0.019331
-0.049421
-0.002890
0.051081
-0.092232
0.057819
-0.094076
-0.043160
-0.010686
0.021587
-0.085361
-0.124142
0.088774
0.210070
0.048569
0.105581
0.143315
-0.077258
-0.444358
-0.184521
0.050447
0.218019
-0.360461
-0.175883
-0.053678
0.210024
0.187438
0.064907
-0.033292
-0.008210
-0.026627
-0.164715
-0.118477
-0.029077
-0.093356
-0.040434
-0.047483
-0.014343
0.067930
-0.053757
-0.049277
-0.056020
-0.041786
-0.038328
0.019399
-0.036711
-0.033049
0.013370
-0.022672
-0.024435
0.030533
-0.038242
-0.023679
0.042002
-0.038480
-0.030324
0.009077
-0.034074
