0.040828
-0.006967
0.085447
0.019766
-0.015254
0.095487
0.048756
-0.007246
0.058387
0.061649
-0.027879
0.082060
0.056228
0.008089
0.057499
-0.095782
-0.213036
-0.128890
0.205948
0.298868
0.375592
-0.070132
-0.061217
-0.193537
0.012152
0.011302
0.012672
0.102851
0.009889
0.036234
0.051072
-0.015006
0.032518
-0.009702
0.014817
0.085754
0.056644
0.013443
0.087534
0.059958
-0.000762
0.043640
0.032053
-0.007104
0.084906
0.008659
-0.008294
0.077054
0.013465
-0.008712
0.069056
0.017351
0.005202
0.060377
-0.013304
-0.003264
0.069247
-0.005928
-0.004987
0.049674
-0.012270
0.018016
0.041476
0.004864
-0.003309
0.020892
0.011973
0.015558
0.018849
-0.008231
0.015657
0.016589
0.009204
0.017638
0.008118
0.015959
0.016274
0.003084
0.067912
-0.093619
0.035813
0.012526
0.045329
0.005899
0.111559
0.099482
-0.078574
0.068710
0.013314
0.102562
-0.220318
-0.023385
-0.022244
0.073605
0.010674
-0.021244
0.051683
-0.095428
-0.112408
0.392225
0.258842
0.164504
0.026607
0.006736
0.027994
-0.154361
-0.203997
0.063723
0.051943
0.017618
0.123322
0.018082
0.017655
0.054804
0.031431
-0.010528
0.061969
0.007673
0.024197
0.030407
0.000233
0.009333
0.024555
-0.009680
0.015297
0.021206
-0.017383
0.012289
0.003130
0.023203
0.019530
-0.009259
