-0.027831
0.023749
0.004992
-0.015799
0.025220
-0.013803
-0.097069
0.077080
0.027426
-0.010638
-0.036612
-0.015534
-0.059870
0.009094
0.019541
0.032732
0.125150
0.136175
-0.108083
-0.098221
0.072411
-0.216374
-0.017705
-0.026838
-0.010870
0.010067
0.071697
0.120379
-0.030683
-0.036102
-0.052435
0.018852
0.045297
-0.051049
0.072910
0.147888
-0.041585
0.039743
0.122034
0.038601
0.017330
0.015499
-0.028698
0.024670
0.028618
-0.008711
0.023304
0.007527
-0.012393
0.021997
0.013427
-0.011885
0.014854
0.017964
0.006432
0.024974
0.022341
0.008697
0.013365
0.032683
0.009817
0.019058
0.046602
-0.001174
0.012224
0.058522
-0.011799
0.012367
0.067177
0.002255
0.011907
0.065690
-0.000760
0.009966
0.076985
-0.011401
0.004660
0.120790
-0.112083
0.052676
-0.001121
-0.016665
0.013957
0.080480
-0.039819
-0.078529
0.167341
0.252891
0.103571
0.273567
-0.576378
-0.080263
-0.088985
0.054272
-0.004013
0.015872
0.205475
0.074165
0.037010
-0.197968
-0.099194
0.007504
-0.022152
0.014397
0.049488
0.086799
0.160609
0.008037
-0.038812
0.029402
0.085430
-0.029215
-0.085811
0.042270
-0.011889
0.092238
0.045350
0.024791
0.051366
0.019222
0.002489
0.011179
0.056162
0.019982
0.004628
0.039801
0.022567
0.014400
0.079255
-0.018239
0.006145
0.082681
