0.070991
-0.128513
0.028675
0.009320
-0.116625
0.058221
0.100335
-0.190886
-0.017198
0.037318
-0.106911
0.049181
0.077181
-0.123827
0.021226
0.098069
-0.007524
-0.032584
0.002924
-0.093793
-0.041265
-0.211988
-0.068581
-0.175490
-0.011897
-0.006310
-0.094928
0.220529
0.005424
0.039154
0.050567
-0.100129
-0.023327
0.000532
-0.088664
-0.112099
0.027836
-0.099317
-0.179916
0.010757
-0.068714
-0.005862
0.027047
-0.107724
-0.018963
-0.019134
-0.076336
0.022451
-0.016298
-0.080744
0.029794
-0.020052
-0.072776
0.021935
-0.061908
-0.058202
0.030512
-0.064467
-0.014626
-0.001967
-0.059434
-0.010168
-0.023371
-0.055796
-0.004521
-0.047811
-0.024795
-0.012669
-0.066783
-0.051146
0.010676
-0.061940
-0.050554
0.016348
-0.094424
-0.010657
0.008934
-0.137389
0.132818
-0.108922
-0.046517
-0.023496
0.016373
-0.085873
0.028335
0.057814
-0.205742
0.194342
-0.049786
-0.008834
-0.117245
-0.095960
-0.156563
0.024547
-0.029919
-0.143051
0.155350
-0.058471
-0.075004
-0.091847
-0.168055
-0.072285
0.039667
-0.035526
-0.105274
0.211467
0.001999
-0.061241
0.076067
-0.185249
-0.112541
0.014208
-0.069310
-0.055392
0.029858
-0.057939
-0.068830
0.018271
-0.001328
-0.126986
-0.015293
0.008759
-0.111355
-0.020275
0.033514
-0.154009
-0.022093
0.065591
-0.184377
0.039658
0.025789
-0.193476
