-0.077360
-0.044677
-0.064802
-0.086432
-0.033777
-0.069923
-0.107599
-0.058085
-0.061890
-0.114093
-0.077398
-0.045160
-0.148173
-0.079522
-0.020868
-0.231732
-0.188564
-0.081795
-0.012220
0.147345
0.155590
-0.009574
0.013563
-0.056050
-0.088758
0.024611
-0.004047
-0.198699
-0.052036
-0.043521
-0.117235
-0.043486
-0.007052
-0.116256
0.015994
-0.013885
-0.226132
0.016673
-0.090713
-0.023760
-0.007677
-0.025176
-0.122671
-0.040123
-0.062995
-0.121907
0.009557
-0.062382
-0.085559
-0.018273
-0.045189
-0.087044
-0.002292
-0.022828
-0.108047
0.009640
-0.007956
-0.093607
0.017981
-0.000432
-0.085579
0.051617
0.008994
-0.084801
0.009915
0.005028
-0.104072
0.023774
0.019119
-0.102733
0.046800
0.016453
-0.085186
0.025174
0.036117
-0.101149
0.040134
0.004240
-0.109722
0.035921
0.026544
-0.112253
-0.019632
0.029220
-0.196071
-0.034549
0.023786
-0.094704
-0.037187
-0.096966
-0.192900
0.021738
0.204821
0.015689
-0.032479
-0.175914
0.047767
0.055627
0.032514
-0.052182
-0.010304
-0.151382
-0.071450
0.004636
-0.060846
-0.164825
-0.146524
-0.064780
-0.259104
-0.023832
-0.141445
-0.056320
0.040876
-0.102150
-0.098260
-0.008713
-0.096530
-0.046193
0.022148
-0.094995
-0.055953
0.047695
-0.056702
-0.020016
0.086025
-0.105739
-0.036204
0.080626
-0.074674
-0.050533
0.047824
-0.052364
