-0.020452
0.088936
-0.077260
0.004706
0.050175
-0.085139
0.018246
0.158700
-0.054248
0.013496
0.116934
-0.105268
-0.005588
0.142565
-0.147343
-0.025795
0.125661
-0.144650
0.008311
0.143067
-0.154731
0.021891
0.099935
-0.063341
0.000330
0.053383
-0.103146
-0.015173
0.083407
-0.112671
-0.002301
0.129337
-0.122609
0.015354
0.058082
-0.076175
0.010789
0.161390
-0.204762
-0.010620
0.053262
-0.078480
0.008287
0.095904
-0.115790
-0.000440
0.041280
-0.112918
0.008565
0.035571
-0.112843
-0.001651
0.081232
-0.134122
-0.002574
0.022753
-0.131113
-0.003586
-0.010742
-0.141976
0.000786
0.041686
-0.130568
0.003041
0.002692
-0.143465
-0.000789
0.072724
-0.135685
-0.001449
0.034012
-0.138181
-0.004912
0.057825
-0.140635
0.016198
0.074256
-0.127411
-0.021735
0.053990
-0.072476
0.009174
0.109088
-0.139921
0.026953
0.166378
-0.126794
0.102309
0.167836
0.047443
-0.220995
0.059554
-0.194104
0.004709
0.091521
-0.037995
0.061817
0.093187
-0.123315
0.092963
0.153919
-0.003434
0.007157
0.064812
-0.033854
-0.042840
0.042490
-0.045206
0.021093
0.196687
-0.178867
0.007815
0.039323
-0.006845
0.012895
0.046470
-0.062620
0.014400
0.051996
0.004123
0.006938
0.004201
-0.032094
0.003975
-0.061894
0.050906
0.026477
-0.026808
0.017186
0.004399
0.046848
-0.006851
