-0.002915
0.064062
0.176334
-0.058601
0.080981
0.217223
0.028397
0.063437
0.141459
0.089632
0.075678
0.171052
0.087108
0.061036
0.094748
0.119023
0.082970
-0.026315
0.015907
-0.051502
-0.123488
0.015462
0.072213
0.027344
-0.068322
0.030134
-0.055702
-0.048535
0.008091
-0.005661
0.063391
0.047680
0.044800
-0.120696
0.079400
0.095048
-0.166296
0.113805
0.041268
0.026059
0.069708
0.097380
-0.056932
0.067216
0.140335
-0.089143
0.069884
0.122583
-0.053231
0.060751
0.148342
-0.050157
0.082972
0.097535
-0.110237
0.065035
0.117094
-0.116145
0.023643
0.062972
-0.113877
0.081826
0.028243
-0.077361
-0.007455
-0.023131
-0.047782
0.043125
-0.044840
-0.094356
0.038466
-0.047825
-0.075264
0.026663
-0.087901
-0.037949
0.013921
-0.107927
0.038647
-0.004243
-0.108311
0.011589
0.026092
-0.085544
0.026162
0.043950
-0.139394
0.003204
0.008832
-0.086367
0.053573
0.033991
-0.018460
-0.043011
0.032379
-0.048871
0.028468
0.066371
0.075929
-0.097104
-0.006647
0.018279
-0.073403
0.041973
0.005615
-0.001480
0.068289
0.100820
-0.119060
0.148631
0.181354
-0.120072
0.072452
0.096623
-0.118131
0.064143
0.105740
-0.163800
0.039092
0.001844
-0.159524
0.041953
-0.007381
-0.267367
0.039916
0.009356
-0.226725
0.031135
-0.077292
-0.106348
0.015588
-0.114335
