0.041990
-0.126657
0.042690
0.000698
-0.175932
0.043858
0.071360
-0.117384
0.004330
-0.085471
-0.078970
0.046997
-0.061447
-0.048541
0.027366
-0.025164
0.234006
0.089090
-0.146581
-0.016377
-0.083128
-0.007570
0.096334
0.069226
-0.031609
0.115322
0.025148
-0.062906
-0.005289
-0.020501
-0.054855
0.007536
0.023801
-0.021295
0.044754
0.110023
0.034678
0.120056
0.076723
0.031683
-0.051287
0.044443
0.010274
-0.072587
0.048250
-0.052108
-0.088297
-0.010341
-0.019157
-0.133908
0.023287
-0.052293
0.054275
-0.000633
-0.154836
-0.062508
0.085576
-0.085315
-0.096784
0.018800
-0.077736
0.135113
0.050604
-0.082094
-0.027444
-0.001480
-0.090190
0.141735
0.027763
-0.088178
0.129818
0.028002
-0.090934
0.151868
0.029354
-0.069355
0.189968
0.029152
-0.001752
0.163712
0.031528
-0.103677
0.169136
0.026002
0.080570
0.260074
-0.040083
-0.149456
0.110224
0.024272
0.074985
0.107097
0.089928
0.049781
0.125529
0.001241
0.016922
0.044009
0.023352
0.078850
0.020581
0.018432
0.080181
0.060306
0.029845
0.063341
-0.044200
0.042674
0.109860
-0.040526
0.082104
0.124940
-0.033846
0.031969
0.091354
-0.038270
0.050160
0.135431
0.014534
0.033786
0.078807
0.076034
0.033122
0.202345
0.078798
0.029842
0.153190
0.123166
0.020972
0.138338
0.191282
0.026917
