-0.094071
-0.058076
0.010822
-0.039765
-0.125060
0.041043
0.014203
0.054194
0.075282
-0.000297
-0.024192
0.000284
-0.049204
0.049495
-0.062547
-0.065514
0.047945
-0.133065
-0.001554
0.037063
-0.016521
-0.010789
-0.038539
-0.046474
-0.050591
-0.090477
-0.028061
-0.052330
-0.039110
-0.034207
-0.028634
0.008874
-0.066539
-0.074086
-0.090944
0.018999
-0.097868
-0.226615
0.034971
-0.008590
-0.108077
0.032992
-0.046167
-0.107575
0.023228
-0.069909
-0.131421
-0.035816
-0.028989
-0.157365
-0.046039
-0.034175
0.016187
-0.076610
-0.122416
-0.187158
-0.018933
-0.053680
-0.231732
-0.087433
-0.057511
-0.092057
-0.056788
-0.053591
-0.198031
-0.100595
-0.057184
-0.057700
-0.092927
-0.071884
-0.121959
-0.091392
-0.045015
-0.082526
-0.086492
-0.059363
-0.048792
-0.072080
-0.104775
0.027222
-0.108750
-0.027744
-0.018255
-0.098750
-0.032962
0.013597
-0.000548
-0.012924
0.061463
0.000680
-0.045748
-0.003718
-0.008299
-0.048119
-0.018727
0.040332
-0.011055
-0.009435
-0.011300
-0.027313
-0.048003
0.092166
-0.030485
-0.079361
0.079955
0.004664
-0.039370
0.111045
-0.070056
-0.179333
0.098817
-0.012880
-0.182822
0.121937
-0.038094
-0.128740
0.114788
-0.022269
-0.139235
0.144021
-0.039743
-0.167778
0.084771
-0.023842
-0.234369
0.198399
-0.040584
-0.238705
0.159415
-0.022892
-0.078398
0.093789
