0.081515
-0.018849
-0.012333
-0.009697
0.008878
-0.018402
-0.084578
-0.070904
0.024220
-0.111661
0.127827
0.045489
0.006115
0.103813
0.112668
0.119394
0.144496
0.064987
0.039075
0.046984
0.107132
0.038757
0.031316
-0.069473
0.033991
0.007062
-0.024766
-0.093508
0.064010
0.022393
-0.008517
0.080145
0.021423
0.056991
-0.039659
-0.115715
0.046404
0.001654
0.003918
-0.033531
-0.016341
0.029526
-0.056775
-0.003655
0.017309
-0.049893
0.045772
-0.063424
-0.014397
0.019419
-0.039862
0.035057
0.017543
-0.023017
-0.029213
-0.001224
-0.001813
0.003480
-0.030752
-0.013634
0.012541
0.017374
-0.019567
0.045242
-0.030222
-0.003136
0.006354
0.006344
-0.000473
-0.005800
0.009565
-0.028907
-0.028202
0.016058
-0.025171
0.047890
0.016200
-0.068511
0.524240
0.056546
0.087561
-0.084667
0.116207
0.020389
-0.454103
0.052406
0.016207
0.254392
-0.021652
0.202546
0.115788
-0.018027
0.044947
0.077841
-0.091731
-0.014815
-0.017066
-0.003415
0.153090
-0.034384
-0.047001
0.009068
0.034302
-0.017742
0.010582
-0.127111
-0.112717
0.059701
-0.125732
0.054642
0.031295
-0.065288
-0.119294
-0.011118
0.024190
-0.002317
0.042295
0.036530
-0.054739
-0.078873
0.029404
-0.002217
-0.000987
-0.009342
-0.009008
0.072766
0.040684
-0.052627
-0.019309
0.055107
-0.021885
0.080639
