# Shape: nNodes x 3 (44 x 3)
-10.412636 -1.770478 3.353563
-12.493142 0.211508 -0.745857
-7.017264 -0.845691 6.632812
-8.757857 2.461763 7.395476
-4.403650 4.198431 8.923912
5.992134 6.514626 7.637717
4.051653 3.709900 5.873477
3.491096 2.929735 2.168767
5.328877 2.085473 -1.798106
-0.276488 2.478018 1.784225
-1.019624 4.469703 6.297922
-1.137502 0.209529 -1.152351
2.169731 -1.235512 -2.414754
-4.837099 0.048390 -0.539434
-6.151733 0.220931 0.945809
-7.252869 1.985709 -2.382662
-7.839420 2.880431 -1.378218
-5.455973 4.550077 -1.470357
-5.056104 6.170009 -4.148830
-2.132255 5.681654 -5.190921
0.500061 5.379528 -5.692344
3.007282 5.584730 -3.698957
5.075151 5.751744 -0.930550
5.251866 5.773863 -4.487340
7.571417 5.801326 -2.045607
10.012362 4.171989 -0.494394
9.284731 3.395897 3.087038
7.823255 6.052679 3.064021
10.501688 0.592282 5.347157
6.869531 -0.497792 6.047193
4.060885 -1.243215 3.547443
5.427440 -1.824317 1.439633
0.301459 -1.740269 4.179593
-2.039948 -3.733996 1.877375
1.404119 -4.800004 -0.803294
-5.185370 -5.900992 1.880052
-7.056343 -3.988018 2.110634
-4.060175 -7.078358 -3.150935
-4.806318 -5.106860 -2.581154
0.705839 -9.192891 -6.419016
2.413138 -4.714349 -6.482542
1.647045 -11.853300 -10.954229
6.659586 -9.897940 -11.087355
9.637112 -7.543706 -2.492949
