1.521072387695312500e-01
1.872148513793945312e-01
1.314146995544433594e+00
9.362335205078125000e-01
5.267232894897460938e+00
1.732017755508422852e+00
1.209564208984375000e-01
3.246605992317199707e-01
1.230579376220703125e+00
1.464233398437500000e-01
5.408287048339843750e-01
2.667388916015625000e+00
1.667518615722656250e-01
6.464214324951171875e-01
2.593727111816406250e+00
1.821022033691406250e-01
1.834716796875000000e-01
1.097892761230468750e+00
8.553314208984375000e-02
7.533740997314453125e-02
7.835502624511718750e-01
1.911296844482421875e-01
1.364536285400390625e-01
7.260737419128417969e-01
1.396375656127929688e+00
1.066211700439453125e+01
2.540433406829833984e+00
1.878122985363006592e-01
9.318399429321289062e-02
9.763846397399902344e-01
1.781548261642456055e-01
5.846786499023437500e-01
2.003269195556640625e+00
4.304656982421875000e-01
2.608547806739807129e-01
7.067408561706542969e-01
6.389551162719726562e-01
1.723580479621887207e+00
5.244426727294921875e-01
3.301734924316406250e-01
2.626033425331115723e-01
1.360211253166198730e+00
3.012084960937500000e-01
1.152006387710571289e+00
1.495115756988525391e+00
5.753669738769531250e-01
1.130903959274291992e+00
5.693259239196777344e-01
9.101867675781250000e-01
1.300830841064453125e+00
9.837626457214355469e+00
2.469482421875000000e+00
6.057998657226562500e+00
9.905632019042968750e+00
7.119686126708984375e+00
1.004640579223632812e+01
1.118187522888183594e+01
4.302117347717285156e+00
1.876474761962890625e+01
1.506876373291015625e+01
5.491092681884765625e+00
1.275816535949707031e+01
8.601638793945312500e+00
2.145950317382812500e+00
7.859592437744140625e+00
3.766844749450683594e+00
2.931602478027343750e+00
8.846473693847656250e+00
3.986822605133056641e+00
1.146545410156250000e+00
1.948135375976562500e+00
4.750766754150390625e-01
6.366653442382812500e-01
8.096084594726562500e-01
7.279553413391113281e-01
3.501358032226562500e-01
1.160034179687500000e+00
7.134506702423095703e-01
1.007156372070312500e-01
2.906665802001953125e-01
4.301319122314453125e-01
1.060695648193359375e+00
1.318359375000000000e-01
2.294311523437500000e-01
7.187652587890625000e-02
1.644096374511718750e-01
1.242847442626953125e-01
4.652786254882812500e-02
7.827375829219818115e-02
1.032638549804687500e-01
3.531265258789062500e-02
1.200966835021972656e-01
1.536617279052734375e-01
7.402420043945312500e-02
4.741752147674560547e-01
9.415054321289062500e-02
3.237750381231307983e-02
4.507517814636230469e-02
2.737884521484375000e-01
5.194330215454101562e-02
7.483768463134765625e-02
1.860840320587158203e-01
8.859933614730834961e-01
7.100677490234375000e-01
5.997914671897888184e-01
4.626846313476562500e-02
1.310081481933593750e-01
1.380958557128906250e-01
9.462738037109375000e-02
2.476434707641601562e-01
4.881529808044433594e-01
3.378715515136718750e-01
9.100379943847656250e-01
1.181612014770507812e-01
4.305953979492187500e-01
5.727844238281250000e-01
8.875794410705566406e-01
6.855335235595703125e-01
2.623115539550781250e+00
2.969207763671875000e-01
1.626650810241699219e+00
1.332628250122070312e+00
2.465976715087890625e+00
1.765293121337890625e+00
5.961883544921875000e+00
8.653182983398437500e-01
2.350158691406250000e+00
9.266090393066406250e+00
1.379074096679687500e+00
8.518524169921875000e-01
2.067092895507812500e+00
1.104295253753662109e+00
